-5.046727270955165778e+01 1.100000000000000089e+00 2.200000000000000178e+00 0.000000000000000000e+00 2.200000000000000178e+00 0.000000000000000000e+00 1.827775942460317715e+00 8.639246031746031229e-02 2.200000000000000178e+00 0.000000000000000000e+00 2.386807874721526446e+00 -4.335773461431355336e-02 2.200000000000000178e+00 0.000000000000000000e+00 2.348140250452520394e+00 -3.438305625174045699e-02 2.200000000000000178e+00 0.000000000000000000e+00 2.291402042084377921e+00 -2.121423141186298822e-02 2.200000000000000178e+00 0.000000000000000000e+00 2.292451163673071779e+00 -2.145773043720411791e-02 2.200000000000000178e+00 0.000000000000000000e+00 2.287119913150933215e+00 -2.022035783904204548e-02 2.200000000000000178e+00 0.000000000000000000e+00 2.273802492167920075e+00 -1.712941102756892001e-02 2.200000000000000178e+00 0.000000000000000000e+00 1.655655769980507008e+00 1.263412085769980431e-01 2.200000000000000178e+00 0.000000000000000000e+00 1.650988249443052336e+00 1.274245307713728625e-01 2.200000000000000178e+00 0.000000000000000000e+00 2.261341496971595699e+00 -1.423723893065998065e-02 2.200000000000000178e+00 0.000000000000000000e+00 2.266522872981064030e+00 -1.543982595377331977e-02 2.200000000000000178e+00 0.000000000000000000e+00 2.261577014062935209e+00 -1.429190197716513101e-02 2.200000000000000178e+00 0.000000000000000000e+00 2.263503972082985261e+00 -1.473914508493455455e-02 2.200000000000000178e+00 0.000000000000000000e+00 2.269905754838485112e+00 -1.622498607630186093e-02 2.200000000000000178e+00 0.000000000000000000e+00 2.283480103557505192e+00 -1.937556530214424449e-02 2.200000000000000178e+00 0.000000000000000000e+00 2.286070791562238913e+00 -1.997685881370091232e-02 2.200000000000000178e+00 0.000000000000000000e+00 2.303755984057366035e+00 -2.408155666945140105e-02
1.100000000000000089e+00 -7.709994640072403627e+01 0.000000000000000000e+00 2.200000000000000178e+00 0.000000000000000000e+00 2.200000000000000178e+00 8.639246031746031229e-02 2.469044494047619054e+00 0.000000000000000000e+00 2.200000000000000178e+00 -4.335773461431355336e-02 2.064974793755221416e+00 0.000000000000000000e+00 2.200000000000000178e+00 -3.438305625174045699e-02 2.092923850772765437e+00 0.000000000000000000e+00 2.200000000000000178e+00 -2.121423141186298822e-02 2.133934371867168167e+00 0.000000000000000000e+00 2.200000000000000178e+00 -2.145773043720411791e-02 2.133176064118630144e+00 0.000000000000000000e+00 2.200000000000000178e+00 -2.022035783904204548e-02 2.137029505534670193e+00 0.000000000000000000e+00 2.200000000000000178e+00 -1.712941102756892001e-02 2.146655371240601795e+00 0.000000000000000000e+00 2.200000000000000178e+00 1.263412085769980431e-01 2.593453391812865938e+00 0.000000000000000000e+00 2.200000000000000178e+00 1.274245307713728625e-01 2.596827087510443111e+00 0.000000000000000000e+00 2.200000000000000178e+00 -1.423723893065998065e-02 2.155662210213032726e+00 0.000000000000000000e+00 2.200000000000000178e+00 -1.543982595377331977e-02 2.151917098475355061e+00 0.000000000000000000e+00 2.200000000000000178e+00 -1.429190197716513101e-02 2.155491977861319963e+00 0.000000000000000000e+00 2.200000000000000178e+00 -1.473914508493455455e-02 2.154099167710944229e+00 0.000000000000000000e+00 2.200000000000000178e+00 -1.622498607630186093e-02 2.149471942878028674e+00 0.000000000000000000e+00 2.200000000000000178e+00 -1.937556530214424449e-02 2.139660369152046826e+00 0.000000000000000000e+00 2.200000000000000178e+00 -1.997685881370091232e-02 2.137787813283208216e+00 0.000000000000000000e+00 2.200000000000000178e+00 -2.408155666945140105e-02 2.125004911236424654e+00
2.200000000000000178e+00 0.000000000000000000e+00 -5.043699710526315982e+01 1.100000000000000089e+00 2.200000000000000178e+00 0.000000000000000000e+00 2.200000000000000178e+00 0.000000000000000000e+00 2.324888290343915642e+00 -2.898632275132274547e-02 2.200000000000000178e+00 0.000000000000000000e+00 2.281317628446115631e+00 -1.887365914786967233e-02 2.200000000000000178e+00 0.000000000000000000e+00 2.295363011347814286e+00 -2.213356446672235661e-02 2.200000000000000178e+00 0.000000000000000000e+00 2.268621116158451745e+00 -1.592682400445558089e-02 2.200000000000000178e+00 0.000000000000000000e+00 2.257166421261487255e+00 -1.326821219715956270e-02 2.200000000000000178e+00 0.000000000000000000e+00 1.655891287071846518e+00 1.262865455304928719e-01 2.200000000000000178e+00 0.000000000000000000e+00 1.643515934454191196e+00 1.291588401559453925e-01 2.200000000000000178e+00 0.000000000000000000e+00 2.248837680485937351e+00 -1.133512809802283278e-02 2.200000000000000178e+00 0.000000000000000000e+00 2.248045486633249990e+00 -1.115126148705095771e-02 2.200000000000000178e+00 0.000000000000000000e+00 2.244769657999164725e+00 -1.039094820384293960e-02 2.200000000000000178e+00 0.000000000000000000e+00 2.243613483187134605e+00 -1.012260233918128513e-02 2.200000000000000178e+00 0.000000000000000000e+00 2.250529121414647893e+00 -1.172770815928710422e-02 2.200000000000000178e+00 0.000000000000000000e+00 2.243784768344472269e+00 -1.016235728209412270e-02 2.200000000000000178e+00 0.000000000000000000e+00 2.250293604323308383e+00 -1.167304511278195213e-02 2.200000000000000178e+00 0.000000000000000000e+00 2.258236953494848542e+00 -1.351668059036479665e-02 2.200000000000000178e+00 0.000000000000000000e+00 2.252156330409357032e+00 -1.210538011695906115e-02 2.200000000000000178e+00 0.000000000000000000e+00
0.000000000000000000e+00 2.200000000000000178e+00 1.100000000000000089e+00 -7.712274455827068209e+01 0.000000000000000000e+00 2.200000000000000178e+00 0.000000000000000000e+00 2.200000000000000178e+00 -2.898632275132274547e-02 2.109730426587301810e+00 0.000000000000000000e+00 2.200000000000000178e+00 -1.887365914786967233e-02 2.141223411654135322e+00 0.000000000000000000e+00 2.200000000000000178e+00 -2.213356446672235661e-02 2.131071373224728838e+00 0.000000000000000000e+00 2.200000000000000178e+00 -1.592682400445558089e-02 2.150400482978279015e+00 0.000000000000000000e+00 2.200000000000000178e+00 -1.326821219715956270e-02 2.158679965538847334e+00 0.000000000000000000e+00 2.200000000000000178e+00 1.262865455304928719e-01 2.593283159461153176e+00 0.000000000000000000e+00 2.200000000000000178e+00 1.291588401559453925e-01 2.602228095760234172e+00 0.000000000000000000e+00 2.200000000000000178e+00 -1.133512809802283278e-02 2.164700000522139067e+00 0.000000000000000000e+00 2.200000000000000178e+00 -1.115126148705095771e-02 2.165272600250626844e+00 0.000000000000000000e+00 2.200000000000000178e+00 -1.039094820384293960e-02 2.167640377506265814e+00 0.000000000000000000e+00 2.200000000000000178e+00 -1.012260233918128513e-02 2.168476063596491255e+00 0.000000000000000000e+00 2.200000000000000178e+00 -1.172770815928710422e-02 2.163477422723475652e+00 0.000000000000000000e+00 2.200000000000000178e+00 -1.016235728209412270e-02 2.168352258249791387e+00 0.000000000000000000e+00 2.200000000000000178e+00 -1.167304511278195213e-02 2.163647655075187970e+00 0.000000000000000000e+00 2.200000000000000178e+00 -1.351668059036479665e-02 2.157906182121971828e+00 0.000000000000000000e+00 2.200000000000000178e+00 -1.210538011695906115e-02 2.162301271929824686e+00 0.000000000000000000e+00 2.200000000000000178e+00
2.200000000000000178e+00 0.000000000000000000e+00 2.200000000000000178e+00 0.000000000000000000e+00 -5.036022200779726887e+01 1.100000000000000089e+00 2.200000000000000178e+00 0.000000000000000000e+00 2.200000000000000178e+00 0.000000000000000000e+00 1.740099352548036826e+00 1.067420217209690686e-01 2.200000000000000178e+00 0.000000000000000000e+00 2.278170263680033614e+00 -1.814316207184627980e-02 2.200000000000000178e+00 0.000000000000000000e+00 2.249886802074631209e+00 -1.157862712336396246e-02 2.200000000000000178e+00 0.000000000000000000e+00 2.251299904622667825e+00 -1.190660540239487329e-02 2.200000000000000178e+00 0.000000000000000000e+00 1.631461741506544438e+00 1.319565942634363387e-01 2.200000000000000178e+00 0.000000000000000000e+00 2.245369156049846993e+00 -1.053009050403787110e-02 2.200000000000000178e+00 0.000000000000000000e+00 2.247917022765246742e+00 -1.112144527986633040e-02 2.200000000000000178e+00 0.000000000000000000e+00 2.243934642857142947e+00 -1.019714285714285427e-02 2.200000000000000178e+00 0.000000000000000000e+00 2.240765867446393944e+00 -9.461676413255357479e-03 2.200000000000000178e+00 0.000000000000000000e+00 2.243249502227791847e+00 -1.003812308549150399e-02 2.200000000000000178e+00 0.000000000000000000e+00 2.241022795182400440e+00 -9.521308827624613835e-03 2.200000000000000178e+00 0.000000000000000000e+00 2.243142449004455585e+00 -1.001327624617098094e-02 2.200000000000000178e+00 0.000000000000000000e+00 2.247017775689223118e+00 -1.091273182957393229e-02 2.200000000000000178e+00 0.000000000000000000e+00 2.251192851399332007e+00 -1.188175856307435024e-02 2.200000000000000178e+00 0.000000000000000000e+00 2.248388056947925762e+00 -1.123077137287663285e-02 2.200000000000000178e+00 0.000000000000000000e+00 2.254383037454747996e+00 -1.262219437482595130e-02
0.000000000000000000e+00 2.200000000000000178e+00 0.000000000000000000e+00 2.200000000000000178e+00 1.100000000000000089e+00 -7.718055779796713978e+01 0.000000000000000000e+00 2.200000000000000178e+00 0.000000000000000000e+00 2.200000000000000178e+00 1.067420217209690686e-01 2.532417355889724497e+00 0.000000000000000000e+00 2.200000000000000178e+00 -1.814316207184627980e-02 2.143498334899749391e+00 0.000000000000000000e+00 2.200000000000000178e+00 -1.157862712336396246e-02 2.163941692773601044e+00 0.000000000000000000e+00 2.200000000000000178e+00 -1.190660540239487329e-02 2.162920298663325358e+00 0.000000000000000000e+00 2.200000000000000178e+00 1.319565942634363387e-01 2.610940897034252473e+00 0.000000000000000000e+00 2.200000000000000178e+00 -1.053009050403787110e-02 2.167207058792815388e+00 0.000000000000000000e+00 2.200000000000000178e+00 -1.112144527986633040e-02 2.165365454260651745e+00 0.000000000000000000e+00 2.200000000000000178e+00 -1.019714285714285427e-02 2.168243928571428558e+00 0.000000000000000000e+00 2.200000000000000178e+00 -9.461676413255357479e-03 2.170534327485380111e+00 0.000000000000000000e+00 2.200000000000000178e+00 -1.003812308549150399e-02 2.168739149958228918e+00 0.000000000000000000e+00 2.200000000000000178e+00 -9.521308827624613835e-03 2.170348619465330309e+00 0.000000000000000000e+00 2.200000000000000178e+00 -1.001327624617098094e-02 2.168816528299916779e+00 0.000000000000000000e+00 2.200000000000000178e+00 -1.091273182957393229e-02 2.166015432330827384e+00 0.000000000000000000e+00 2.200000000000000178e+00 -1.188175856307435024e-02 2.162997677005012775e+00 0.000000000000000000e+00 2.200000000000000178e+00 -1.123077137287663285e-02 2.165024989557226665e+00 0.000000000000000000e+00 2.200000000000000178e+00 -1.262219437482595130e-02 2.160691802422723740e+00
1.827775942460317715e+00 8.639246031746031229e-02 2.200000000000000178e+00 0.000000000000000000e+00 2.200000000000000178e+00 0.000000000000000000e+00 -5.034969071150097619e+01 1.100000000000000089e+00 2.200000000000000178e+00 0.000000000000000000e+00 2.200000000000000178e+00 0.000000000000000000e+00 2.301679151524645306e+00 -2.359952798663324594e-02 2.200000000000000178e+00 0.000000000000000000e+00 2.265580804615705990e+00 -1.522117376775271140e-02 2.200000000000000178e+00 0.000000000000000000e+00 2.253141220064049044e+00 -1.233397103870787805e-02 2.200000000000000178e+00 0.000000000000000000e+00 2.230424526072124713e+00 -7.061471734892785235e-03 2.200000000000000178e+00 0.000000000000000000e+00 2.233893050508215072e+00 -7.866509328877748647e-03 2.200000000000000178e+00 0.000000000000000000e+00 2.235370384990253534e+00 -8.209395711500972262e-03 2.200000000000000178e+00 0.000000000000000000e+00 2.230103366402116372e+00 -6.986931216931215223e-03 2.200000000000000178e+00 0.000000000000000000e+00 2.232201609579504531e+00 -7.473929267613476334e-03 2.200000000000000178e+00 0.000000000000000000e+00 2.234235620822890844e+00 -7.946019214703423789e-03 2.200000000000000178e+00 0.000000000000000000e+00 2.230081955757449386e+00 -6.981961849067110093e-03 2.200000000000000178e+00 0.000000000000000000e+00 2.235777187238930708e+00 -8.303813700918961926e-03 2.200000000000000178e+00 0.000000000000000000e+00 1.618315605680868963e+00 1.350077861319966266e-01 2.200000000000000178e+00 0.000000000000000000e+00 2.235027814675578206e+00 -8.129885825675297120e-03 2.200000000000000178e+00 0.000000000000000000e+00 2.239695335213032656e+00 -9.213208020050123528e-03 2.200000000000000178e+00 0.000000000000000000e+00 2.238945962649680155e+00 -9.039280144806458722e-03 2.200000000000000178e+00 0.000000000000000000e+00
8.639246031746031229e-02 2.469044494047619054e+00 0.000000000000000000e+00 2.200000000000000178e+00 0.000000000000000000e+00 2.200000000000000178e+00 1.100000000000000089e+00 -7.718848808235867409e+01 0.000000000000000000e+00 2.200000000000000178e+00 0.000000000000000000e+00 2.200000000000000178e+00 -2.359952798663324594e-02 2.126506051065163216e+00 0.000000000000000000e+00 2.200000000000000178e+00 -1.522117376775271140e-02 2.152598027882205667e+00 0.000000000000000000e+00 2.200000000000000178e+00 -1.233397103870787805e-02 2.161589391186299114e+00 0.000000000000000000e+00 2.200000000000000178e+00 -7.061471734892785235e-03 2.178009075292397956e+00 0.000000000000000000e+00 2.200000000000000178e+00 -7.866509328877748647e-03 2.175502017021721191e+00 0.000000000000000000e+00 2.200000000000000178e+00 -8.209395711500972262e-03 2.174434195906433054e+00 0.000000000000000000e+00 2.200000000000000178e+00 -6.986931216931215223e-03 2.178241210317460652e+00 0.000000000000000000e+00 2.200000000000000178e+00 -7.473929267613476334e-03 2.176724594820384606e+00 0.000000000000000000e+00 2.200000000000000178e+00 -7.946019214703423789e-03 2.175254406328321011e+00 0.000000000000000000e+00 2.200000000000000178e+00 -6.981961849067110093e-03 2.178256685985798136e+00 0.000000000000000000e+00 2.200000000000000178e+00 -8.303813700918961926e-03 2.174140158208020424e+00 0.000000000000000000e+00 2.200000000000000178e+00 1.350077861319966266e-01 2.620442957393483763e+00 0.000000000000000000e+00 2.200000000000000178e+00 -8.129885825675297120e-03 2.174681806599833234e+00 0.000000000000000000e+00 2.200000000000000178e+00 -9.213208020050123528e-03 2.171308110902255617e+00 0.000000000000000000e+00 2.200000000000000178e+00 -9.039280144806458722e-03 2.171849759294068871e+00 0.000000000000000000e+00 2.200000000000000178e+00
2.200000000000000178e+00 0.000000000000000000e+00 2.324888290343915642e+00 -2.898632275132274547e-02 2.200000000000000178e+00 0.000000000000000000e+00 2.200000000000000178e+00 0.000000000000000000e+00 -5.032437365497076343e+01 1.100000000000000089e+00 2.200000000000000178e+00 0.000000000000000000e+00 2.200000000000000178e+00 0.000000000000000000e+00 1.727745410575048934e+00 1.096093469785574953e-01 2.200000000000000178e+00 0.000000000000000000e+00 2.265901964285714332e+00 -1.529571428571428228e-02 2.200000000000000178e+00 0.000000000000000000e+00 2.255239463241437203e+00 -1.282096908939013916e-02 2.200000000000000178e+00 0.000000000000000000e+00 2.232051735066833853e+00 -7.439143692564743025e-03 2.200000000000000178e+00 0.000000000000000000e+00 2.230189008980785648e+00 -7.006808688387634008e-03 2.200000000000000178e+00 0.000000000000000000e+00 2.230403115427457728e+00 -7.056502367028680972e-03 2.200000000000000178e+00 0.000000000000000000e+00 2.229139887392091346e+00 -6.763309663046503453e-03 2.200000000000000178e+00 0.000000000000000000e+00 2.232330073447507779e+00 -7.503745474798104512e-03 2.200000000000000178e+00 0.000000000000000000e+00 2.236076936264272064e+00 -8.373384851016428543e-03 2.200000000000000178e+00 0.000000000000000000e+00 2.231580700884154833e+00 -7.329817599554439705e-03 2.200000000000000178e+00 0.000000000000000000e+00 2.237340164299638001e+00 -8.666577554998606062e-03 2.200000000000000178e+00 0.000000000000000000e+00 1.623133000730994313e+00 1.338896783625730669e-01 2.200000000000000178e+00 0.000000000000000000e+00 2.244384266395154537e+00 -1.030149958228905420e-02 2.200000000000000178e+00 0.000000000000000000e+00 2.243592072542467619e+00 -1.011763297131717913e-02 2.200000000000000178e+00 0.000000000000000000e+00 2.262069458890281659e+00 -1.440619743803954120e-02
0.000000000000000000e+00 2.200000000000000178e+00 -2.898632275132274547e-02 2.109730426587301810e+00 0.000000000000000000e+00 2.200000000000000178e+00 0.000000000000000000e+00 2.200000000000000178e+00 1.100000000000000089e+00 -7.720755235066833677e+01 0.000000000000000000e+00 2.200000000000000178e+00 0.000000000000000000e+00 2.200000000000000178e+00 1.096093469785574953e-01 2.541346816520468010e+00 0.000000000000000000e+00 2.200000000000000178e+00 -1.529571428571428228e-02 2.152365892857142970e+00 0.000000000000000000e+00 2.200000000000000178e+00 -1.282096908939013916e-02 2.160072775689223068e+00 0.000000000000000000e+00 2.200000000000000178e+00 -7.439143692564743025e-03 2.176832924498746991e+00 0.000000000000000000e+00 2.200000000000000178e+00 -7.006808688387634008e-03 2.178179307644110274e+00 0.000000000000000000e+00 2.200000000000000178e+00 -7.056502367028680972e-03 2.178024550960735439e+00 0.000000000000000000e+00 2.200000000000000178e+00 -6.763309663046503453e-03 2.178937615392648297e+00 0.000000000000000000e+00 2.200000000000000178e+00 -7.503745474798104512e-03 2.176631740810359261e+00 0.000000000000000000e+00 2.200000000000000178e+00 -8.373384851016428543e-03 2.173923498851295211e+00 0.000000000000000000e+00 2.200000000000000178e+00 -7.329817599554439705e-03 2.177173389202172071e+00 0.000000000000000000e+00 2.200000000000000178e+00 -8.666577554998606062e-03 2.173010434419381909e+00 0.000000000000000000e+00 2.200000000000000178e+00 1.338896783625730669e-01 2.616960932017544206e+00 0.000000000000000000e+00 2.200000000000000178e+00 -1.030149958228905420e-02 2.167918939536340961e+00 0.000000000000000000e+00 2.200000000000000178e+00 -1.011763297131717913e-02 2.168491539264828738e+00 0.000000000000000000e+00 2.200000000000000178e+00 -1.440619743803954120e-02 2.155136037489557399e+00
2.386807874721526446e+00 -4.335773461431355336e-02 2.200000000000000178e+00 0.000000000000000000e+00 1.740099352548036826e+00 1.067420217209690686e-01 2.200000000000000178e+00 0.000000000000000000e+00 2.200000000000000178e+00 0.000000000000000000e+00 -5.035135354775828631e+01 1.100000000000000089e+00 2.200000000000000178e+00 0.000000000000000000e+00 2.200000000000000178e+00 0.000000000000000000e+00 2.303734573412698605e+00 -2.407658730158729679e-02 2.200000000000000178e+00 0.000000000000000000e+00 2.264446040448343300e+00 -1.495779727095516119e-02 2.200000000000000178e+00 0.000000000000000000e+00 1.631247635059871914e+00 1.320062879420773883e-01 2.200000000000000178e+00 0.000000000000000000e+00 2.229803617376775460e+00 -6.917360066833749474e-03 2.200000000000000178e+00 0.000000000000000000e+00 2.224643652011974559e+00 -5.719742411584515483e-03 2.200000000000000178e+00 0.000000000000000000e+00 2.226249450362016269e+00 -6.092445001392368144e-03 2.200000000000000178e+00 0.000000000000000000e+00 2.222502587545251984e+00 -5.222805625174044980e-03 2.200000000000000178e+00 0.000000000000000000e+00 2.225649952311334001e+00 -5.953302701197436646e-03 2.200000000000000178e+00 0.000000000000000000e+00 2.223872868803954628e+00 -5.540845168476745547e-03 2.200000000000000178e+00 0.000000000000000000e+00 2.229375404483430856e+00 -6.817972709551655547e-03 2.200000000000000178e+00 0.000000000000000000e+00 2.230510168650793990e+00 -7.081349206349204888e-03 2.200000000000000178e+00 0.000000000000000000e+00 2.230488758006126560e+00 -7.076379838485099757e-03 2.200000000000000178e+00 0.000000000000000000e+00 2.235734365949596292e+00 -8.293874965190751666e-03 2.200000000000000178e+00 0.000000000000000000e+00 2.239459818121693147e+00 -9.158544973544971435e-03 2.200000000000000178e+00 0.000000000000000000e+00
-4.335773461431355336e-02 2.064974793755221416e+00 0.000000000000000000e+00 2.200000000000000178e+00 1.067420217209690686e-01 2.532417355889724497e+00 0.000000000000000000e+00 2.200000000000000178e+00 0.000000000000000000e+00 2.200000000000000178e+00 1.100000000000000089e+00 -7.718723593219158374e+01 0.000000000000000000e+00 2.200000000000000178e+00 0.000000000000000000e+00 2.200000000000000178e+00 -2.407658730158729679e-02 2.125020386904762137e+00 0.000000000000000000e+00 2.200000000000000178e+00 -1.495779727095516119e-02 2.153418238304093624e+00 0.000000000000000000e+00 2.200000000000000178e+00 1.320062879420773883e-01 2.611095653717627751e+00 0.000000000000000000e+00 2.200000000000000178e+00 -6.917360066833749474e-03 2.178457869674185865e+00 0.000000000000000000e+00 2.200000000000000178e+00 -5.719742411584515483e-03 2.182187505743525602e+00 0.000000000000000000e+00 2.200000000000000178e+00 -6.092445001392368144e-03 2.181026830618212564e+00 0.000000000000000000e+00 2.200000000000000178e+00 -5.222805625174044980e-03 2.183735072577276615e+00 0.000000000000000000e+00 2.200000000000000178e+00 -5.953302701197436646e-03 2.181460149331662546e+00 0.000000000000000000e+00 2.200000000000000178e+00 -5.540845168476745547e-03 2.182744629803675895e+00 0.000000000000000000e+00 2.200000000000000178e+00 -6.817972709551655547e-03 2.178767383040935979e+00 0.000000000000000000e+00 2.200000000000000178e+00 -7.081349206349204888e-03 2.177947172619047578e+00 0.000000000000000000e+00 2.200000000000000178e+00 -7.076379838485099757e-03 2.177962648287385505e+00 0.000000000000000000e+00 2.200000000000000178e+00 -8.293874965190751666e-03 2.174171109544695391e+00 0.000000000000000000e+00 2.200000000000000178e+00 -9.158544973544971435e-03 2.171478343253968379e+00 0.000000000000000000e+00 2.200000000000000178e+00
2.200000000000000178e+00 0.000000000000000000e+00 2.281317628446115631e+00 -1.887365914786967233e-02 2.200000000000000178e+00 0.000000000000000000e+00 2.301679151524645306e+00 -2.359952798663324594e-02 2.200000000000000178e+00 0.000000000000000000e+00 2.200000000000000178e+00 0.000000000000000000e+00 -5.031926530214425242e+01 1.100000000000000089e+00 2.200000000000000178e+00 0.000000000000000000e+00 2.200000000000000178e+00 0.000000000000000000e+00 1.717917924672793362e+00 1.118902868281815427e-01 2.200000000000000178e+00 0.000000000000000000e+00 1.670942970272904615e+00 1.227930799220272734e-01 2.200000000000000178e+00 0.000000000000000000e+00 2.253804950048733158e+00 -1.248802144249512407e-02 2.200000000000000178e+00 0.000000000000000000e+00 2.232950982142857477e+00 -7.647857142857141140e-03 2.200000000000000178e+00 0.000000000000000000e+00 2.229032834168755528e+00 -6.738462823725979538e-03 2.200000000000000178e+00 0.000000000000000000e+00 2.225842648113339095e+00 -5.998027011974378479e-03 2.200000000000000178e+00 0.000000000000000000e+00 2.224172617829295540e+00 -5.610416318574212163e-03 2.200000000000000178e+00 0.000000000000000000e+00 2.226228039717349283e+00 -6.087475633528263881e-03 2.200000000000000178e+00 0.000000000000000000e+00 2.226506378098023209e+00 -6.152077415761624500e-03 2.200000000000000178e+00 0.000000000000000000e+00 2.232458537315511027e+00 -7.533561681982732690e-03 2.200000000000000178e+00 0.000000000000000000e+00 2.235541670147591198e+00 -8.249150654413809833e-03 2.200000000000000178e+00 0.000000000000000000e+00 2.236783487538290149e+00 -8.537373990531883089e-03 2.200000000000000178e+00 0.000000000000000000e+00 2.240744456801726514e+00 -9.456707045391254951e-03 2.200000000000000178e+00 0.000000000000000000e+00 2.262840242098301591e+00 -1.458509468114731027e-02
0.000000000000000000e+00 2.200000000000000178e+00 -1.887365914786967233e-02 2.141223411654135322e+00 0.000000000000000000e+00 2.200000000000000178e+00 -2.359952798663324594e-02 2.126506051065163216e+00 0.000000000000000000e+00 2.200000000000000178e+00 0.000000000000000000e+00 2.200000000000000178e+00 1.100000000000000089e+00 -7.721139904622667416e+01 0.000000000000000000e+00 2.200000000000000178e+00 0.000000000000000000e+00 2.200000000000000178e+00 1.118902868281815427e-01 2.548450148287385364e+00 0.000000000000000000e+00 2.200000000000000178e+00 1.227930799220272734e-01 2.582403764619883191e+00 0.000000000000000000e+00 2.200000000000000178e+00 -1.248802144249512407e-02 2.161109645467836238e+00 0.000000000000000000e+00 2.200000000000000178e+00 -7.647857142857141140e-03 2.176182946428571796e+00 0.000000000000000000e+00 2.200000000000000178e+00 -6.738462823725979538e-03 2.179014993734336159e+00 0.000000000000000000e+00 2.200000000000000178e+00 -5.998027011974378479e-03 2.181320868316625194e+00 0.000000000000000000e+00 2.200000000000000178e+00 -5.610416318574212163e-03 2.182527970446950683e+00 0.000000000000000000e+00 2.200000000000000178e+00 -6.087475633528263881e-03 2.181042306286550048e+00 0.000000000000000000e+00 2.200000000000000178e+00 -6.152077415761624500e-03 2.180841122598162318e+00 0.000000000000000000e+00 2.200000000000000178e+00 -7.533561681982732690e-03 2.176538886800334360e+00 0.000000000000000000e+00 2.200000000000000178e+00 -8.249150654413809833e-03 2.174310390559732742e+00 0.000000000000000000e+00 2.200000000000000178e+00 -8.537373990531883089e-03 2.173412801796157368e+00 0.000000000000000000e+00 2.200000000000000178e+00 -9.456707045391254951e-03 2.170549803153717594e+00 0.000000000000000000e+00 2.200000000000000178e+00 -1.458509468114731027e-02 2.154578913429407105e+00
2.348140250452520394e+00 -3.438305625174045699e-02 2.200000000000000178e+00 0.000000000000000000e+00 2.278170263680033614e+00 -1.814316207184627980e-02 2.200000000000000178e+00 0.000000000000000000e+00 1.727745410575048934e+00 1.096093469785574953e-01 2.200000000000000178e+00 0.000000000000000000e+00 2.200000000000000178e+00 0.000000000000000000e+00 -5.034109190058480010e+01 1.100000000000000089e+00 2.200000000000000178e+00 0.000000000000000000e+00 2.200000000000000178e+00 0.000000000000000000e+00 2.329084776698691517e+00 -2.996031885268726769e-02 2.200000000000000178e+00 0.000000000000000000e+00 2.260506481829573922e+00 -1.404343358395989533e-02 2.200000000000000178e+00 0.000000000000000000e+00 2.254061877784739654e+00 -1.254765385686438042e-02 2.200000000000000178e+00 0.000000000000000000e+00 2.229867849310777306e+00 -6.932268170426063129e-03 2.200000000000000178e+00 0.000000000000000000e+00 2.223059264306599836e+00 -5.352009189640767085e-03 2.200000000000000178e+00 0.000000000000000000e+00 2.220918199839877705e+00 -4.855072403230296582e-03 2.200000000000000178e+00 0.000000000000000000e+00 2.218391743769145386e+00 -4.268686995265941544e-03 2.200000000000000178e+00 0.000000000000000000e+00 2.216828766708438092e+00 -3.905923141186297843e-03 2.200000000000000178e+00 0.000000000000000000e+00 2.221881678849902730e+00 -5.078693957115008352e-03 2.200000000000000178e+00 0.000000000000000000e+00 2.222331302387914320e+00 -5.183050682261207409e-03 2.200000000000000178e+00 0.000000000000000000e+00 1.609066207184628450e+00 1.371545530492898624e-01 2.200000000000000178e+00 0.000000000000000000e+00 2.231751986041492941e+00 -7.369572542467277276e-03 2.200000000000000178e+00 0.000000000000000000e+00 2.238153768796992793e+00 -8.855413533834583656e-03 2.200000000000000178e+00 0.000000000000000000e+00
-3.438305625174045699e-02 2.092923850772765437e+00 0.000000000000000000e+00 2.200000000000000178e+00 -1.814316207184627980e-02 2.143498334899749391e+00 0.000000000000000000e+00 2.200000000000000178e+00 1.096093469785574953e-01 2.541346816520468010e+00 0.000000000000000000e+00 2.200000000000000178e+00 0.000000000000000000e+00 2.200000000000000178e+00 1.100000000000000089e+00 -7.719496316520468326e+01 0.000000000000000000e+00 2.200000000000000178e+00 0.000000000000000000e+00 2.200000000000000178e+00 -2.996031885268726769e-02 2.106697195593149718e+00 0.000000000000000000e+00 2.200000000000000178e+00 -1.404343358395989533e-02 2.156265761278195470e+00 0.000000000000000000e+00 2.200000000000000178e+00 -1.254765385686438042e-02 2.160923937447786436e+00 0.000000000000000000e+00 2.200000000000000178e+00 -6.932268170426063129e-03 2.178411442669172970e+00 0.000000000000000000e+00 2.200000000000000178e+00 -5.352009189640767085e-03 2.183332705200501600e+00 0.000000000000000000e+00 2.200000000000000178e+00 -4.855072403230296582e-03 2.184880272034252613e+00 0.000000000000000000e+00 2.200000000000000178e+00 -4.268686995265941544e-03 2.186706400898078773e+00 0.000000000000000000e+00 2.200000000000000178e+00 -3.905923141186297843e-03 2.187836124686716843e+00 0.000000000000000000e+00 2.200000000000000178e+00 -5.078693957115008352e-03 2.184183866959064524e+00 0.000000000000000000e+00 2.200000000000000178e+00 -5.183050682261207409e-03 2.183858877923976927e+00 0.000000000000000000e+00 2.200000000000000178e+00 1.371545530492898624e-01 2.627128446115288618e+00 0.000000000000000000e+00 2.200000000000000178e+00 -7.369572542467277276e-03 2.177049583855472203e+00 0.000000000000000000e+00 2.200000000000000178e+00 -8.855413533834583656e-03 2.172422359022556648e+00 0.000000000000000000e+00 2.200000000000000178e+00
2.200000000000000178e+00 0.000000000000000000e+00 2.295363011347814286e+00 -2.213356446672235661e-02 2.200000000000000178e+00 0.000000000000000000e+00 2.265580804615705990e+00 -1.522117376775271140e-02 2.200000000000000178e+00 0.000000000000000000e+00 2.303734573412698605e+00 -2.407658730158729679e-02 2.200000000000000178e+00 0.000000000000000000e+00 2.200000000000000178e+00 0.000000000000000000e+00 -5.073140900584795787e+01 1.100000000000000089e+00 2.200000000000000178e+00 0.000000000000000000e+00 2.200000000000000178e+00 0.000000000000000000e+00 2.331097377297410400e+00 -3.042743943191311001e-02 2.200000000000000178e+00 0.000000000000000000e+00 2.266287355889724520e+00 -1.538516290726816595e-02 2.200000000000000178e+00 0.000000000000000000e+00 2.248259593079922070e+00 -1.120095516569200554e-02 2.200000000000000178e+00 0.000000000000000000e+00 2.230745685742133499e+00 -7.136012252854356114e-03 2.200000000000000178e+00 0.000000000000000000e+00 2.225585720377332599e+00 -5.938394597605122123e-03 2.200000000000000178e+00 0.000000000000000000e+00 2.223637351712615118e+00 -5.486182121971594321e-03 2.200000000000000178e+00 0.000000000000000000e+00 2.220532808235867517e+00 -4.765623781676412048e-03 2.200000000000000178e+00 0.000000000000000000e+00 2.219569329225842491e+00 -4.542002227791700278e-03 2.200000000000000178e+00 0.000000000000000000e+00 2.225649952311334001e+00 -5.953302701197436646e-03 2.200000000000000178e+00 0.000000000000000000e+00 2.225285971351991243e+00 -5.868823447507656374e-03 2.200000000000000178e+00 0.000000000000000000e+00 1.619471780492899082e+00 1.347394402673349756e-01 2.200000000000000178e+00 0.000000000000000000e+00 2.233529069548872314e+00 -7.782030075187967508e-03 2.200000000000000178e+00 0.000000000000000000e+00 2.253483790378724816e+00 -1.241348092453355319e-02
0.000000000000000000e+00 2.200000000000000178e+00 -2.213356446672235661e-02 2.131071373224728838e+00 0.000000000000000000e+00 2.200000000000000178e+00 -1.522117376775271140e-02 2.152598027882205667e+00 0.000000000000000000e+00 2.200000000000000178e+00 -2.407658730158729679e-02 2.125020386904762137e+00 0.000000000000000000e+00 2.200000000000000178e+00 0.000000000000000000e+00 2.200000000000000178e+00 1.100000000000000089e+00 -7.690104629490392085e+01 0.000000000000000000e+00 2.200000000000000178e+00 0.000000000000000000e+00 2.200000000000000178e+00 -3.042743943191311001e-02 2.105242482769423606e+00 0.000000000000000000e+00 2.200000000000000178e+00 -1.538516290726816595e-02 2.152087330827067824e+00 0.000000000000000000e+00 2.200000000000000178e+00 -1.120095516569200554e-02 2.165117843567251565e+00 0.000000000000000000e+00 2.200000000000000178e+00 -7.136012252854356114e-03 2.177776940267335259e+00 0.000000000000000000e+00 2.200000000000000178e+00 -5.938394597605122123e-03 2.181506576336674996e+00 0.000000000000000000e+00 2.200000000000000178e+00 -5.486182121971594321e-03 2.182914862155388658e+00 0.000000000000000000e+00 2.200000000000000178e+00 -4.765623781676412048e-03 2.185158834064327760e+00 0.000000000000000000e+00 2.200000000000000178e+00 -4.542002227791700278e-03 2.185855239139515849e+00 0.000000000000000000e+00 2.200000000000000178e+00 -5.953302701197436646e-03 2.181460149331662546e+00 0.000000000000000000e+00 2.200000000000000178e+00 -5.868823447507656374e-03 2.181723235693400209e+00 0.000000000000000000e+00 2.200000000000000178e+00 1.347394402673349756e-01 2.619607271303258322e+00 0.000000000000000000e+00 2.200000000000000178e+00 -7.782030075187967508e-03 2.175765103383458854e+00 0.000000000000000000e+00 2.200000000000000178e+00 -1.241348092453355319e-02 2.161341780492898934e+00
2.291402042084377921e+00 -2.121423141186298822e-02 2.200000000000000178e+00 0.000000000000000000e+00 2.249886802074631209e+00 -1.157862712336396246e-02 2.200000000000000178e+00 0.000000000000000000e+00 2.265901964285714332e+00 -1.529571428571428228e-02 2.200000000000000178e+00 0.000000000000000000e+00 1.717917924672793362e+00 1.118902868281815427e-01 2.200000000000000178e+00 0.000000000000000000e+00 2.200000000000000178e+00 0.000000000000000000e+00 -5.073815023391812673e+01 1.100000000000000089e+00 2.200000000000000178e+00 0.000000000000000000e+00 2.200000000000000178e+00 0.000000000000000000e+00 2.321077195593149511e+00 -2.810177527151210691e-02 2.200000000000000178e+00 0.000000000000000000e+00 2.282859194862155494e+00 -1.923145363408521047e-02 2.200000000000000178e+00 0.000000000000000000e+00 2.252391847500696542e+00 -1.216004316346421324e-02 2.200000000000000178e+00 0.000000000000000000e+00 2.229739385442773614e+00 -6.902451963241434951e-03 2.200000000000000178e+00 0.000000000000000000e+00 2.224643652011974559e+00 -5.719742411584515483e-03 2.200000000000000178e+00 0.000000000000000000e+00 2.221517697890559973e+00 -4.994214703425228080e-03 2.200000000000000178e+00 0.000000000000000000e+00 2.216828766708438092e+00 -3.905923141186297843e-03 2.200000000000000178e+00 0.000000000000000000e+00 2.220297291144528007e+00 -4.710960735171259954e-03 2.200000000000000178e+00 0.000000000000000000e+00 2.219141116332497887e+00 -4.442614870509606351e-03 2.200000000000000178e+00 0.000000000000000000e+00 2.220425755012531699e+00 -4.740776942355888132e-03 2.200000000000000178e+00 0.000000000000000000e+00 2.229675153508772212e+00 -6.887543859649121296e-03 2.200000000000000178e+00 0.000000000000000000e+00 2.233743175995544394e+00 -7.831723753829015339e-03 2.200000000000000178e+00 0.000000000000000000e+00
-2.121423141186298822e-02 2.133934371867168167e+00 0.000000000000000000e+00 2.200000000000000178e+00 -1.157862712336396246e-02 2.163941692773601044e+00 0.000000000000000000e+00 2.200000000000000178e+00 -1.529571428571428228e-02 2.152365892857142970e+00 0.000000000000000000e+00 2.200000000000000178e+00 1.118902868281815427e-01 2.548450148287385364e+00 0.000000000000000000e+00 2.200000000000000178e+00 0.000000000000000000e+00 2.200000000000000178e+00 1.100000000000000089e+00 -7.689597001044276681e+01 0.000000000000000000e+00 2.200000000000000178e+00 0.000000000000000000e+00 2.200000000000000178e+00 -2.810177527151210691e-02 2.112485095551378755e+00 0.000000000000000000e+00 2.200000000000000178e+00 -1.923145363408521047e-02 2.140109163533834735e+00 0.000000000000000000e+00 2.200000000000000178e+00 -1.216004316346421324e-02 2.162131039578111924e+00 0.000000000000000000e+00 2.200000000000000178e+00 -6.902451963241434951e-03 2.178504296679198315e+00 0.000000000000000000e+00 2.200000000000000178e+00 -5.719742411584515483e-03 2.182187505743525602e+00 0.000000000000000000e+00 2.200000000000000178e+00 -4.994214703425228080e-03 2.184446953320802187e+00 0.000000000000000000e+00 2.200000000000000178e+00 -3.905923141186297843e-03 2.187836124686716843e+00 0.000000000000000000e+00 2.200000000000000178e+00 -4.710960735171259954e-03 2.185329066416040078e+00 0.000000000000000000e+00 2.200000000000000178e+00 -4.442614870509606351e-03 2.186164752506265962e+00 0.000000000000000000e+00 2.200000000000000178e+00 -4.740776942355888132e-03 2.185236212406015177e+00 0.000000000000000000e+00 2.200000000000000178e+00 -6.887543859649121296e-03 2.178550723684210766e+00 0.000000000000000000e+00 2.200000000000000178e+00 -7.831723753829015339e-03 2.175610346700083575e+00 0.000000000000000000e+00 2.200000000000000178e+00
2.200000000000000178e+00 0.000000000000000000e+00 2.268621116158451745e+00 -1.592682400445558089e-02 2.200000000000000178e+00 0.000000000000000000e+00 2.253141220064049044e+00 -1.233397103870787805e-02 2.200000000000000178e+00 0.000000000000000000e+00 2.264446040448343300e+00 -1.495779727095516119e-02 2.200000000000000178e+00 0.000000000000000000e+00 2.329084776698691517e+00 -2.996031885268726769e-02 2.200000000000000178e+00 0.000000000000000000e+00 2.200000000000000178e+00 0.000000000000000000e+00 -5.116946898635477936e+01 1.100000000000000089e+00 2.200000000000000178e+00 0.000000000000000000e+00 2.200000000000000178e+00 0.000000000000000000e+00 2.337327874895572588e+00 -3.187352548036757882e-02 2.200000000000000178e+00 0.000000000000000000e+00 2.266009017509050594e+00 -1.532056112503480533e-02 2.200000000000000178e+00 0.000000000000000000e+00 2.254490090678084258e+00 -1.264704121414647435e-02 2.200000000000000178e+00 0.000000000000000000e+00 2.230809917676134901e+00 -7.150920356446670637e-03 2.200000000000000178e+00 0.000000000000000000e+00 2.224772115879977807e+00 -5.749558618769143661e-03 2.200000000000000178e+00 0.000000000000000000e+00 2.224964811681982901e+00 -5.794282929546085495e-03 2.200000000000000178e+00 0.000000000000000000e+00 2.218049173454469614e+00 -4.189177109440266403e-03 2.200000000000000178e+00 0.000000000000000000e+00 2.220211648565859175e+00 -4.691083263714841169e-03 2.200000000000000178e+00 0.000000000000000000e+00 2.220875378550543289e+00 -4.845133667502087189e-03 2.200000000000000178e+00 0.000000000000000000e+00 2.227576910331384052e+00 -6.400545808966860185e-03 2.200000000000000178e+00 0.000000000000000000e+00 2.230317472848788896e+00 -7.036624895572262187e-03 2.200000000000000178e+00 0.000000000000000000e+00 2.243206680938457431e+00 -1.002818434976329373e-02
0.000000000000000000e+00 2.200000000000000178e+00 -1.592682400445558089e-02 2.150400482978279015e+00 0.000000000000000000e+00 2.200000000000000178e+00 -1.233397103870787805e-02 2.161589391186299114e+00 0.000000000000000000e+00 2.200000000000000178e+00 -1.495779727095516119e-02 2.153418238304093624e+00 0.000000000000000000e+00 2.200000000000000178e+00 -2.996031885268726769e-02 2.106697195593149718e+00 0.000000000000000000e+00 2.200000000000000178e+00 0.000000000000000000e+00 2.200000000000000178e+00 1.100000000000000089e+00 -7.657117804998607369e+01 0.000000000000000000e+00 2.200000000000000178e+00 0.000000000000000000e+00 2.200000000000000178e+00 -3.187352548036757882e-02 2.100739063283208363e+00 0.000000000000000000e+00 2.200000000000000178e+00 -1.532056112503480533e-02 2.152288514515455553e+00 0.000000000000000000e+00 2.200000000000000178e+00 -1.264704121414647435e-02 2.160614424081035878e+00 0.000000000000000000e+00 2.200000000000000178e+00 -7.150920356446670637e-03 2.177730513262322809e+00 0.000000000000000000e+00 2.200000000000000178e+00 -5.749558618769143661e-03 2.182094651733500701e+00 0.000000000000000000e+00 2.200000000000000178e+00 -5.794282929546085495e-03 2.181955370718462905e+00 0.000000000000000000e+00 2.200000000000000178e+00 -4.189177109440266403e-03 2.186954011591478952e+00 0.000000000000000000e+00 2.200000000000000178e+00 -4.691083263714841169e-03 2.185390969089390456e+00 0.000000000000000000e+00 2.200000000000000178e+00 -4.845133667502087189e-03 2.184911223370927580e+00 0.000000000000000000e+00 2.200000000000000178e+00 -6.400545808966860185e-03 2.180067339181286812e+00 0.000000000000000000e+00 2.200000000000000178e+00 -7.036624895572262187e-03 2.178086453634085373e+00 0.000000000000000000e+00 2.200000000000000178e+00 -1.002818434976329373e-02 2.168770101294904329e+00
