-2.733864786885245834e+01 1.050000000000000044e+00 2.100000000000000089e+00 0.000000000000000000e+00 2.100000000000000089e+00 0.000000000000000000e+00 2.229555409836065483e+00 -1.623318032786885134e-01 2.100000000000000089e+00 0.000000000000000000e+00 2.189519189435336965e+00 -1.121667668488160186e-01 2.100000000000000089e+00 0.000000000000000000e+00 2.165227550091074704e+00 -8.172955373406191881e-02 2.100000000000000089e+00 0.000000000000000000e+00 1.903417659380692184e+00 2.463159653916210945e-01 2.100000000000000089e+00 0.000000000000000000e+00 2.151732194899818040e+00 -6.481999089253186186e-02 2.100000000000000089e+00 0.000000000000000000e+00 2.145884207650273101e+00 -5.749251366120218532e-02 2.100000000000000089e+00 0.000000000000000000e+00 1.890821994535519135e+00 2.620982240437158550e-01 2.100000000000000089e+00 0.000000000000000000e+00 2.138686684881602851e+00 -4.847408014571948781e-02 2.100000000000000089e+00 0.000000000000000000e+00 2.135987613843351784e+00 -4.509216757741348058e-02 2.100000000000000089e+00 0.000000000000000000e+00 1.888572768670309765e+00 2.649164845173041516e-01 2.100000000000000089e+00 0.000000000000000000e+00 2.141835601092896280e+00 -5.241964480874316407e-02 2.100000000000000089e+00 0.000000000000000000e+00
1.050000000000000044e+00 -3.607148502732241013e+01 0.000000000000000000e+00 2.100000000000000089e+00 0.000000000000000000e+00 2.100000000000000089e+00 -1.623318032786885134e-01 1.756041967213114896e+00 0.000000000000000000e+00 2.100000000000000089e+00 -1.121667668488160186e-01 1.862334553734062093e+00 0.000000000000000000e+00 2.100000000000000089e+00 -8.172955373406191881e-02 1.926826684881603136e+00 0.000000000000000000e+00 2.100000000000000089e+00 2.463159653916210945e-01 2.621908542805100328e+00 0.000000000000000000e+00 2.100000000000000089e+00 -6.481999089253186186e-02 1.962655646630236950e+00 0.000000000000000000e+00 2.100000000000000089e+00 -5.749251366120218532e-02 1.978181530054644810e+00 0.000000000000000000e+00 2.100000000000000089e+00 2.620982240437158550e-01 2.655348907103824985e+00 0.000000000000000000e+00 2.100000000000000089e+00 -4.847408014571948781e-02 1.997290309653916296e+00 0.000000000000000000e+00 2.100000000000000089e+00 -4.509216757741348058e-02 2.004456102003643103e+00 0.000000000000000000e+00 2.100000000000000089e+00 2.649164845173041516e-01 2.661320400728597768e+00 0.000000000000000000e+00 2.100000000000000089e+00 -5.241964480874316407e-02 1.988930218579235021e+00 0.000000000000000000e+00 2.100000000000000089e+00
2.100000000000000089e+00 0.000000000000000000e+00 -2.734318606557377151e+01 1.050000000000000044e+00 2.100000000000000089e+00 0.000000000000000000e+00 2.100000000000000089e+00 0.000000000000000000e+00 1.893071220400728727e+00 2.592799635701274474e-01 2.100000000000000089e+00 0.000000000000000000e+00 2.132388852459016437e+00 -4.058295081967212836e-02 2.100000000000000089e+00 0.000000000000000000e+00 1.884524162112932721e+00 2.699893533697631520e-01 2.100000000000000089e+00 0.000000000000000000e+00 2.126540865209471942e+00 -3.325547358834243794e-02 2.100000000000000089e+00 0.000000000000000000e+00 2.138686684881602851e+00 -4.847408014571948781e-02 2.100000000000000089e+00 0.000000000000000000e+00 2.134638078324226029e+00 -4.340121129326047350e-02 2.100000000000000089e+00 0.000000000000000000e+00 2.128340245901639616e+00 -3.551008196721311405e-02 2.100000000000000089e+00 0.000000000000000000e+00 2.132838697632058356e+00 -4.114660291438979045e-02 2.100000000000000089e+00 0.000000000000000000e+00 2.125191329690346187e+00 -3.156451730418943780e-02 2.100000000000000089e+00 0.000000000000000000e+00 2.135537768670309866e+00 -4.452851548269580462e-02 2.100000000000000089e+00 0.000000000000000000e+00 2.135537768670309866e+00 -4.452851548269580462e-02
0.000000000000000000e+00 2.100000000000000089e+00 1.050000000000000044e+00 -3.611510637522768974e+01 0.000000000000000000e+00 2.100000000000000089e+00 0.000000000000000000e+00 2.100000000000000089e+00 2.592799635701274474e-01 2.649377413479053089e+00 0.000000000000000000e+00 2.100000000000000089e+00 -4.058295081967212836e-02 2.014010491803278846e+00 0.000000000000000000e+00 2.100000000000000089e+00 2.699893533697631520e-01 2.672069089253187535e+00 0.000000000000000000e+00 2.100000000000000089e+00 -3.325547358834243794e-02 2.029536375227686928e+00 0.000000000000000000e+00 2.100000000000000089e+00 -4.847408014571948781e-02 1.997290309653916296e+00 0.000000000000000000e+00 2.100000000000000089e+00 -4.340121129326047350e-02 2.008038998178506507e+00 0.000000000000000000e+00 2.100000000000000089e+00 -3.551008196721311405e-02 2.024759180327869057e+00 0.000000000000000000e+00 2.100000000000000089e+00 -4.114660291438979045e-02 2.012816193078324378e+00 0.000000000000000000e+00 2.100000000000000089e+00 -3.156451730418943780e-02 2.033119271402550332e+00 0.000000000000000000e+00 2.100000000000000089e+00 -4.452851548269580462e-02 2.005650400728597571e+00 0.000000000000000000e+00 2.100000000000000089e+00 -4.452851548269580462e-02 2.005650400728597571e+00
2.100000000000000089e+00 0.000000000000000000e+00 2.100000000000000089e+00 0.000000000000000000e+00 -2.737012245901639318e+01 1.050000000000000044e+00 2.100000000000000089e+00 0.000000000000000000e+00 2.100000000000000089e+00 0.000000000000000000e+00 2.163878014571948949e+00 -8.003859744990891867e-02 2.100000000000000089e+00 0.000000000000000000e+00 2.123841794171220432e+00 -2.987356102003642724e-02 2.100000000000000089e+00 0.000000000000000000e+00 2.118893497267759773e+00 -2.367338797814207488e-02 2.100000000000000089e+00 0.000000000000000000e+00 2.125191329690346187e+00 -3.156451730418943780e-02 2.100000000000000089e+00 0.000000000000000000e+00 2.125641174863388105e+00 -3.212816939890709989e-02 2.100000000000000089e+00 0.000000000000000000e+00 2.119343342440801692e+00 -2.423704007285974391e-02 2.100000000000000089e+00 0.000000000000000000e+00 2.124741484517304269e+00 -3.100086520947176183e-02 2.100000000000000089e+00 0.000000000000000000e+00 2.123841794171220432e+00 -2.987356102003642724e-02 2.100000000000000089e+00 0.000000000000000000e+00 1.878226329690346086e+00 2.778804826958105600e-01 2.100000000000000089e+00 0.000000000000000000e+00 1.880925400728597596e+00 2.744985701275045598e-01 2.100000000000000089e+00 0.000000000000000000e+00
0.000000000000000000e+00 2.100000000000000089e+00 0.000000000000000000e+00 2.100000000000000089e+00 1.050000000000000044e+00 -3.637402018214936561e+01 0.000000000000000000e+00 2.100000000000000089e+00 0.000000000000000000e+00 2.100000000000000089e+00 -8.003859744990891867e-02 1.930409581056466317e+00 0.000000000000000000e+00 2.100000000000000089e+00 -2.987356102003642724e-02 2.036702167577413736e+00 0.000000000000000000e+00 2.100000000000000089e+00 -2.367338797814207488e-02 2.049839453551912882e+00 0.000000000000000000e+00 2.100000000000000089e+00 -3.156451730418943780e-02 2.033119271402550332e+00 0.000000000000000000e+00 2.100000000000000089e+00 -3.212816939890709989e-02 2.031924972677595864e+00 0.000000000000000000e+00 2.100000000000000089e+00 -2.423704007285974391e-02 2.048645154826958414e+00 0.000000000000000000e+00 2.100000000000000089e+00 -3.100086520947176183e-02 2.034313570127504800e+00 0.000000000000000000e+00 2.100000000000000089e+00 -2.987356102003642724e-02 2.036702167577413736e+00 0.000000000000000000e+00 2.100000000000000089e+00 2.778804826958105600e-01 2.688789271402550085e+00 0.000000000000000000e+00 2.100000000000000089e+00 2.744985701275045598e-01 2.681623479052823278e+00 0.000000000000000000e+00 2.100000000000000089e+00
2.229555409836065483e+00 -1.623318032786885134e-01 2.100000000000000089e+00 0.000000000000000000e+00 2.100000000000000089e+00 0.000000000000000000e+00 -2.727467393442622878e+01 1.050000000000000044e+00 2.100000000000000089e+00 0.000000000000000000e+00 2.100000000000000089e+00 0.000000000000000000e+00 2.122942103825136595e+00 -2.874625683060109266e-02 2.100000000000000089e+00 0.000000000000000000e+00 2.122942103825136595e+00 -2.874625683060109266e-02 2.100000000000000089e+00 0.000000000000000000e+00 2.118893497267759773e+00 -2.367338797814207488e-02 2.100000000000000089e+00 0.000000000000000000e+00 2.110796284153005686e+00 -1.352765027322404279e-02 2.100000000000000089e+00 0.000000000000000000e+00 2.119793187613843610e+00 -2.480069216757740946e-02 2.100000000000000089e+00 0.000000000000000000e+00 2.115294735883424426e+00 -1.916417122040072613e-02 2.100000000000000089e+00 0.000000000000000000e+00 2.118443652094717855e+00 -2.310973588342440585e-02 2.100000000000000089e+00 0.000000000000000000e+00 2.117993806921675937e+00 -2.254608378870674029e-02 2.100000000000000089e+00 0.000000000000000000e+00 2.116644271402550181e+00 -2.085512750455373321e-02 2.100000000000000089e+00 0.000000000000000000e+00 1.884524162112932721e+00 2.699893533697631520e-01
-1.623318032786885134e-01 1.756041967213114896e+00 0.000000000000000000e+00 2.100000000000000089e+00 0.000000000000000000e+00 2.100000000000000089e+00 1.050000000000000044e+00 -3.545656473588342550e+01 0.000000000000000000e+00 2.100000000000000089e+00 0.000000000000000000e+00 2.100000000000000089e+00 -2.874625683060109266e-02 2.039090765027322671e+00 0.000000000000000000e+00 2.100000000000000089e+00 -2.874625683060109266e-02 2.039090765027322671e+00 0.000000000000000000e+00 2.100000000000000089e+00 -2.367338797814207488e-02 2.049839453551912882e+00 0.000000000000000000e+00 2.100000000000000089e+00 -1.352765027322404279e-02 2.071336830601092860e+00 0.000000000000000000e+00 2.100000000000000089e+00 -2.480069216757740946e-02 2.047450856102003947e+00 0.000000000000000000e+00 2.100000000000000089e+00 -1.916417122040072613e-02 2.059393843351548181e+00 0.000000000000000000e+00 2.100000000000000089e+00 -2.310973588342440585e-02 2.051033752276866906e+00 0.000000000000000000e+00 2.100000000000000089e+00 -2.254608378870674029e-02 2.052228051001821374e+00 0.000000000000000000e+00 2.100000000000000089e+00 -2.085512750455373321e-02 2.055810947176684778e+00 0.000000000000000000e+00 2.100000000000000089e+00 2.699893533697631520e-01 2.672069089253187535e+00
2.100000000000000089e+00 0.000000000000000000e+00 1.893071220400728727e+00 2.592799635701274474e-01 2.100000000000000089e+00 0.000000000000000000e+00 2.100000000000000089e+00 0.000000000000000000e+00 -2.728872770491803479e+01 1.050000000000000044e+00 2.100000000000000089e+00 0.000000000000000000e+00 2.100000000000000089e+00 0.000000000000000000e+00 2.164327859744990867e+00 -8.060224954462658076e-02 2.100000000000000089e+00 0.000000000000000000e+00 2.137786994535519014e+00 -4.734677595628414976e-02 2.100000000000000089e+00 0.000000000000000000e+00 2.122942103825136595e+00 -2.874625683060109266e-02 2.100000000000000089e+00 0.000000000000000000e+00 2.116644271402550181e+00 -2.085512750455373321e-02 2.100000000000000089e+00 0.000000000000000000e+00 2.117094116575592100e+00 -2.141877959927139877e-02 2.100000000000000089e+00 0.000000000000000000e+00 2.115744581056466345e+00 -1.972782331511839862e-02 2.100000000000000089e+00 0.000000000000000000e+00 2.120243032786885529e+00 -2.536434426229507849e-02 2.100000000000000089e+00 0.000000000000000000e+00 2.120692877959927447e+00 -2.592799635701275099e-02 2.100000000000000089e+00 0.000000000000000000e+00 2.126091020036430024e+00 -3.269182149362476891e-02 2.100000000000000089e+00 0.000000000000000000e+00
0.000000000000000000e+00 2.100000000000000089e+00 2.592799635701274474e-01 2.649377413479053089e+00 0.000000000000000000e+00 2.100000000000000089e+00 0.000000000000000000e+00 2.100000000000000089e+00 1.050000000000000044e+00 -3.559165020036429894e+01 0.000000000000000000e+00 2.100000000000000089e+00 0.000000000000000000e+00 2.100000000000000089e+00 -8.060224954462658076e-02 1.929215282331512071e+00 0.000000000000000000e+00 2.100000000000000089e+00 -4.734677595628414976e-02 1.999678907103825232e+00 0.000000000000000000e+00 2.100000000000000089e+00 -2.874625683060109266e-02 2.039090765027322671e+00 0.000000000000000000e+00 2.100000000000000089e+00 -2.085512750455373321e-02 2.055810947176684778e+00 0.000000000000000000e+00 2.100000000000000089e+00 -2.141877959927139877e-02 2.054616648451730310e+00 0.000000000000000000e+00 2.100000000000000089e+00 -1.972782331511839862e-02 2.058199544626593713e+00 0.000000000000000000e+00 2.100000000000000089e+00 -2.536434426229507849e-02 2.046256557377049479e+00 0.000000000000000000e+00 2.100000000000000089e+00 -2.592799635701275099e-02 2.045062258652095011e+00 0.000000000000000000e+00 2.100000000000000089e+00 -3.269182149362476891e-02 2.030730673952641396e+00 0.000000000000000000e+00 2.100000000000000089e+00
2.189519189435336965e+00 -1.121667668488160186e-01 2.100000000000000089e+00 0.000000000000000000e+00 2.163878014571948949e+00 -8.003859744990891867e-02 2.100000000000000089e+00 0.000000000000000000e+00 2.100000000000000089e+00 0.000000000000000000e+00 -2.726750065573770598e+01 1.050000000000000044e+00 2.100000000000000089e+00 0.000000000000000000e+00 2.100000000000000089e+00 0.000000000000000000e+00 1.894870601092896178e+00 2.570253551912567991e-01 2.100000000000000089e+00 0.000000000000000000e+00 2.124291639344262350e+00 -3.043721311475409627e-02 2.100000000000000089e+00 0.000000000000000000e+00 2.120243032786885529e+00 -2.536434426229507849e-02 2.100000000000000089e+00 0.000000000000000000e+00 2.117543961748634018e+00 -2.198243169398906779e-02 2.100000000000000089e+00 0.000000000000000000e+00 2.115744581056466345e+00 -1.972782331511839862e-02 2.100000000000000089e+00 0.000000000000000000e+00 2.115744581056466345e+00 -1.972782331511839862e-02 2.100000000000000089e+00 0.000000000000000000e+00 2.112595664845172916e+00 -1.578225865209471890e-02 2.100000000000000089e+00 0.000000000000000000e+00 2.121142723132968921e+00 -2.649164845173041655e-02 2.100000000000000089e+00 0.000000000000000000e+00 2.124291639344262350e+00 -3.043721311475409627e-02
-1.121667668488160186e-01 1.862334553734062093e+00 0.000000000000000000e+00 2.100000000000000089e+00 -8.003859744990891867e-02 1.930409581056466317e+00 0.000000000000000000e+00 2.100000000000000089e+00 0.000000000000000000e+00 2.100000000000000089e+00 1.050000000000000044e+00 -3.538761486338798079e+01 0.000000000000000000e+00 2.100000000000000089e+00 0.000000000000000000e+00 2.100000000000000089e+00 2.570253551912567991e-01 2.644600218579235218e+00 0.000000000000000000e+00 2.100000000000000089e+00 -3.043721311475409627e-02 2.035507868852459268e+00 0.000000000000000000e+00 2.100000000000000089e+00 -2.536434426229507849e-02 2.046256557377049479e+00 0.000000000000000000e+00 2.100000000000000089e+00 -2.198243169398906779e-02 2.053422349726775842e+00 0.000000000000000000e+00 2.100000000000000089e+00 -1.972782331511839862e-02 2.058199544626593713e+00 0.000000000000000000e+00 2.100000000000000089e+00 -1.972782331511839862e-02 2.058199544626593713e+00 0.000000000000000000e+00 2.100000000000000089e+00 -1.578225865209471890e-02 2.066559635701274988e+00 0.000000000000000000e+00 2.100000000000000089e+00 -2.649164845173041655e-02 2.043867959927140543e+00 0.000000000000000000e+00 2.100000000000000089e+00 -3.043721311475409627e-02 2.035507868852459268e+00
2.100000000000000089e+00 0.000000000000000000e+00 2.132388852459016437e+00 -4.058295081967212836e-02 2.100000000000000089e+00 0.000000000000000000e+00 2.122942103825136595e+00 -2.874625683060109266e-02 2.100000000000000089e+00 0.000000000000000000e+00 2.100000000000000089e+00 0.000000000000000000e+00 -2.721113918032786927e+01 1.050000000000000044e+00 2.100000000000000089e+00 0.000000000000000000e+00 2.100000000000000089e+00 0.000000000000000000e+00 2.167476775956284296e+00 -8.454781420765027089e-02 2.100000000000000089e+00 0.000000000000000000e+00 2.140486065573770524e+00 -5.072868852459015698e-02 2.100000000000000089e+00 0.000000000000000000e+00 2.121142723132968921e+00 -2.649164845173041655e-02 2.100000000000000089e+00 0.000000000000000000e+00 2.115744581056466345e+00 -1.972782331511839862e-02 2.100000000000000089e+00 0.000000000000000000e+00 2.113945200364298671e+00 -1.747321493624772251e-02 2.100000000000000089e+00 0.000000000000000000e+00 2.113495355191256753e+00 -1.690956284153005348e-02 2.100000000000000089e+00 0.000000000000000000e+00 2.120243032786885529e+00 -2.536434426229507849e-02 2.100000000000000089e+00 0.000000000000000000e+00 2.125191329690346187e+00 -3.156451730418943780e-02 2.100000000000000089e+00 0.000000000000000000e+00
0.000000000000000000e+00 2.100000000000000089e+00 -4.058295081967212836e-02 2.014010491803278846e+00 0.000000000000000000e+00 2.100000000000000089e+00 -2.874625683060109266e-02 2.039090765027322671e+00 0.000000000000000000e+00 2.100000000000000089e+00 0.000000000000000000e+00 2.100000000000000089e+00 1.050000000000000044e+00 -3.484586586520947549e+01 0.000000000000000000e+00 2.100000000000000089e+00 0.000000000000000000e+00 2.100000000000000089e+00 -8.454781420765027089e-02 1.920855191256830796e+00 0.000000000000000000e+00 2.100000000000000089e+00 -5.072868852459015698e-02 1.992513114754098424e+00 0.000000000000000000e+00 2.100000000000000089e+00 -2.649164845173041655e-02 2.043867959927140543e+00 0.000000000000000000e+00 2.100000000000000089e+00 -1.972782331511839862e-02 2.058199544626593713e+00 0.000000000000000000e+00 2.100000000000000089e+00 -1.747321493624772251e-02 2.062976739526411585e+00 0.000000000000000000e+00 2.100000000000000089e+00 -1.690956284153005348e-02 2.064171038251366053e+00 0.000000000000000000e+00 2.100000000000000089e+00 -2.536434426229507849e-02 2.046256557377049479e+00 0.000000000000000000e+00 2.100000000000000089e+00 -3.156451730418943780e-02 2.033119271402550332e+00 0.000000000000000000e+00 2.100000000000000089e+00
2.165227550091074704e+00 -8.172955373406191881e-02 2.100000000000000089e+00 0.000000000000000000e+00 2.123841794171220432e+00 -2.987356102003642724e-02 2.100000000000000089e+00 0.000000000000000000e+00 2.164327859744990867e+00 -8.060224954462658076e-02 2.100000000000000089e+00 0.000000000000000000e+00 2.100000000000000089e+00 0.000000000000000000e+00 -2.727613786885245872e+01 1.050000000000000044e+00 2.100000000000000089e+00 0.000000000000000000e+00 2.100000000000000089e+00 0.000000000000000000e+00 1.892621375227686809e+00 2.598436156648451512e-01 2.100000000000000089e+00 0.000000000000000000e+00 2.128790091074681534e+00 -3.607373406193078308e-02 2.100000000000000089e+00 0.000000000000000000e+00 2.119793187613843610e+00 -2.480069216757740946e-02 2.100000000000000089e+00 0.000000000000000000e+00 2.113045510018214834e+00 -1.634591074681238446e-02 2.100000000000000089e+00 0.000000000000000000e+00 2.114395045537340589e+00 -1.803686703096539154e-02 2.100000000000000089e+00 0.000000000000000000e+00 2.106747677595628421e+00 -8.454781420765026742e-03 2.100000000000000089e+00 0.000000000000000000e+00 2.117543961748634018e+00 -2.198243169398906779e-02 2.100000000000000089e+00 0.000000000000000000e+00 2.126990710382513861e+00 -3.381912568306010697e-02
-8.172955373406191881e-02 1.926826684881603136e+00 0.000000000000000000e+00 2.100000000000000089e+00 -2.987356102003642724e-02 2.036702167577413736e+00 0.000000000000000000e+00 2.100000000000000089e+00 -8.060224954462658076e-02 1.929215282331512071e+00 0.000000000000000000e+00 2.100000000000000089e+00 0.000000000000000000e+00 2.100000000000000089e+00 1.050000000000000044e+00 -3.547063613843351959e+01 0.000000000000000000e+00 2.100000000000000089e+00 0.000000000000000000e+00 2.100000000000000089e+00 2.598436156648451512e-01 2.650571712204007113e+00 0.000000000000000000e+00 2.100000000000000089e+00 -3.607373406193078308e-02 2.023564881602914589e+00 0.000000000000000000e+00 2.100000000000000089e+00 -2.480069216757740946e-02 2.047450856102003947e+00 0.000000000000000000e+00 2.100000000000000089e+00 -1.634591074681238446e-02 2.065365336976320521e+00 0.000000000000000000e+00 2.100000000000000089e+00 -1.803686703096539154e-02 2.061782440801457117e+00 0.000000000000000000e+00 2.100000000000000089e+00 -8.454781420765026742e-03 2.082085519125683071e+00 0.000000000000000000e+00 2.100000000000000089e+00 -2.198243169398906779e-02 2.053422349726775842e+00 0.000000000000000000e+00 2.100000000000000089e+00 -3.381912568306010697e-02 2.028342076502732461e+00
2.100000000000000089e+00 0.000000000000000000e+00 1.884524162112932721e+00 2.699893533697631520e-01 2.100000000000000089e+00 0.000000000000000000e+00 2.122942103825136595e+00 -2.874625683060109266e-02 2.100000000000000089e+00 0.000000000000000000e+00 1.894870601092896178e+00 2.570253551912567991e-01 2.100000000000000089e+00 0.000000000000000000e+00 2.100000000000000089e+00 0.000000000000000000e+00 -2.737949163934426267e+01 1.050000000000000044e+00 2.100000000000000089e+00 0.000000000000000000e+00 2.100000000000000089e+00 0.000000000000000000e+00 2.149033123861566530e+00 -6.143807832422586157e-02 2.100000000000000089e+00 0.000000000000000000e+00 2.127890400728597697e+00 -3.494642987249544502e-02 2.100000000000000089e+00 0.000000000000000000e+00 2.117094116575592100e+00 -2.141877959927139877e-02 2.100000000000000089e+00 0.000000000000000000e+00 2.116644271402550181e+00 -2.085512750455373321e-02 2.100000000000000089e+00 0.000000000000000000e+00 2.110796284153005686e+00 -1.352765027322404279e-02 2.100000000000000089e+00 0.000000000000000000e+00 2.111246129326047605e+00 -1.409130236794171008e-02 2.100000000000000089e+00 0.000000000000000000e+00 2.120692877959927447e+00 -2.592799635701275099e-02 2.100000000000000089e+00 0.000000000000000000e+00
0.000000000000000000e+00 2.100000000000000089e+00 2.699893533697631520e-01 2.672069089253187535e+00 0.000000000000000000e+00 2.100000000000000089e+00 -2.874625683060109266e-02 2.039090765027322671e+00 0.000000000000000000e+00 2.100000000000000089e+00 2.570253551912567991e-01 2.644600218579235218e+00 0.000000000000000000e+00 2.100000000000000089e+00 0.000000000000000000e+00 2.100000000000000089e+00 1.050000000000000044e+00 -3.646407715846994790e+01 0.000000000000000000e+00 2.100000000000000089e+00 0.000000000000000000e+00 2.100000000000000089e+00 -6.143807832422586157e-02 1.969821438979963535e+00 0.000000000000000000e+00 2.100000000000000089e+00 -3.494642987249544502e-02 2.025953479052823525e+00 0.000000000000000000e+00 2.100000000000000089e+00 -2.141877959927139877e-02 2.054616648451730310e+00 0.000000000000000000e+00 2.100000000000000089e+00 -2.085512750455373321e-02 2.055810947176684778e+00 0.000000000000000000e+00 2.100000000000000089e+00 -1.352765027322404279e-02 2.071336830601092860e+00 0.000000000000000000e+00 2.100000000000000089e+00 -1.409130236794171008e-02 2.070142531876138392e+00 0.000000000000000000e+00 2.100000000000000089e+00 -2.592799635701275099e-02 2.045062258652095011e+00 0.000000000000000000e+00 2.100000000000000089e+00
1.903417659380692184e+00 2.463159653916210945e-01 2.100000000000000089e+00 0.000000000000000000e+00 2.118893497267759773e+00 -2.367338797814207488e-02 2.100000000000000089e+00 0.000000000000000000e+00 2.137786994535519014e+00 -4.734677595628414976e-02 2.100000000000000089e+00 0.000000000000000000e+00 2.167476775956284296e+00 -8.454781420765027089e-02 2.100000000000000089e+00 0.000000000000000000e+00 2.100000000000000089e+00 0.000000000000000000e+00 -2.735445836065573744e+01 1.050000000000000044e+00 2.100000000000000089e+00 0.000000000000000000e+00 2.100000000000000089e+00 0.000000000000000000e+00 2.147683588342440775e+00 -5.974712204007285449e-02 2.100000000000000089e+00 0.000000000000000000e+00 1.884074316939890803e+00 2.705530054644808557e-01 2.100000000000000089e+00 0.000000000000000000e+00 2.116194426229508263e+00 -2.029147540983606418e-02 2.100000000000000089e+00 0.000000000000000000e+00 2.110346438979963768e+00 -1.296399817850637549e-02 2.100000000000000089e+00 0.000000000000000000e+00 2.108996903460838013e+00 -1.127304189435337015e-02 2.100000000000000089e+00 0.000000000000000000e+00 2.113495355191256753e+00 -1.690956284153005348e-02 2.100000000000000089e+00 0.000000000000000000e+00 2.124291639344262350e+00 -3.043721311475409627e-02
2.463159653916210945e-01 2.621908542805100328e+00 0.000000000000000000e+00 2.100000000000000089e+00 -2.367338797814207488e-02 2.049839453551912882e+00 0.000000000000000000e+00 2.100000000000000089e+00 -4.734677595628414976e-02 1.999678907103825232e+00 0.000000000000000000e+00 2.100000000000000089e+00 -8.454781420765027089e-02 1.920855191256830796e+00 0.000000000000000000e+00 2.100000000000000089e+00 0.000000000000000000e+00 2.100000000000000089e+00 1.050000000000000044e+00 -3.622345617486339364e+01 0.000000000000000000e+00 2.100000000000000089e+00 0.000000000000000000e+00 2.100000000000000089e+00 -5.974712204007285449e-02 1.973404335154826938e+00 0.000000000000000000e+00 2.100000000000000089e+00 2.705530054644808557e-01 2.673263387978142003e+00 0.000000000000000000e+00 2.100000000000000089e+00 -2.029147540983606418e-02 2.057005245901639245e+00 0.000000000000000000e+00 2.100000000000000089e+00 -1.296399817850637549e-02 2.072531129326047328e+00 0.000000000000000000e+00 2.100000000000000089e+00 -1.127304189435337015e-02 2.076114025500910731e+00 0.000000000000000000e+00 2.100000000000000089e+00 -1.690956284153005348e-02 2.064171038251366053e+00 0.000000000000000000e+00 2.100000000000000089e+00 -3.043721311475409627e-02 2.035507868852459268e+00
2.100000000000000089e+00 0.000000000000000000e+00 2.126540865209471942e+00 -3.325547358834243794e-02 2.100000000000000089e+00 0.000000000000000000e+00 2.118893497267759773e+00 -2.367338797814207488e-02 2.100000000000000089e+00 0.000000000000000000e+00 2.124291639344262350e+00 -3.043721311475409627e-02 2.100000000000000089e+00 0.000000000000000000e+00 1.892621375227686809e+00 2.598436156648451512e-01 2.100000000000000089e+00 0.000000000000000000e+00 2.100000000000000089e+00 0.000000000000000000e+00 -2.729224114754098451e+01 1.050000000000000044e+00 2.100000000000000089e+00 0.000000000000000000e+00 2.100000000000000089e+00 0.000000000000000000e+00 2.156230646630236780e+00 -7.045651183970855214e-02 2.100000000000000089e+00 0.000000000000000000e+00 2.129689781420764927e+00 -3.720103825136611420e-02 2.100000000000000089e+00 0.000000000000000000e+00 2.120692877959927447e+00 -2.592799635701275099e-02 2.100000000000000089e+00 0.000000000000000000e+00 2.114844890710382508e+00 -1.860051912568305710e-02 2.100000000000000089e+00 0.000000000000000000e+00 2.119343342440801692e+00 -2.423704007285974391e-02 2.100000000000000089e+00 0.000000000000000000e+00 2.120692877959927447e+00 -2.592799635701275099e-02 2.100000000000000089e+00 0.000000000000000000e+00
0.000000000000000000e+00 2.100000000000000089e+00 -3.325547358834243794e-02 2.029536375227686928e+00 0.000000000000000000e+00 2.100000000000000089e+00 -2.367338797814207488e-02 2.049839453551912882e+00 0.000000000000000000e+00 2.100000000000000089e+00 -3.043721311475409627e-02 2.035507868852459268e+00 0.000000000000000000e+00 2.100000000000000089e+00 2.598436156648451512e-01 2.650571712204007113e+00 0.000000000000000000e+00 2.100000000000000089e+00 0.000000000000000000e+00 2.100000000000000089e+00 1.050000000000000044e+00 -3.562542156648451908e+01 0.000000000000000000e+00 2.100000000000000089e+00 0.000000000000000000e+00 2.100000000000000089e+00 -7.045651183970855214e-02 1.950712659380692271e+00 0.000000000000000000e+00 2.100000000000000089e+00 -3.720103825136611420e-02 2.021176284153005653e+00 0.000000000000000000e+00 2.100000000000000089e+00 -2.592799635701275099e-02 2.045062258652095011e+00 0.000000000000000000e+00 2.100000000000000089e+00 -1.860051912568305710e-02 2.060588142076502649e+00 0.000000000000000000e+00 2.100000000000000089e+00 -2.423704007285974391e-02 2.048645154826958414e+00 0.000000000000000000e+00 2.100000000000000089e+00 -2.592799635701275099e-02 2.045062258652095011e+00 0.000000000000000000e+00 2.100000000000000089e+00
2.151732194899818040e+00 -6.481999089253186186e-02 2.100000000000000089e+00 0.000000000000000000e+00 2.125191329690346187e+00 -3.156451730418943780e-02 2.100000000000000089e+00 0.000000000000000000e+00 2.122942103825136595e+00 -2.874625683060109266e-02 2.100000000000000089e+00 0.000000000000000000e+00 2.140486065573770524e+00 -5.072868852459015698e-02 2.100000000000000089e+00 0.000000000000000000e+00 2.149033123861566530e+00 -6.143807832422586157e-02 2.100000000000000089e+00 0.000000000000000000e+00 2.100000000000000089e+00 0.000000000000000000e+00 -2.726808622950819583e+01 1.050000000000000044e+00 2.100000000000000089e+00 0.000000000000000000e+00 2.100000000000000089e+00 0.000000000000000000e+00 1.902967814207650488e+00 2.468796174863387705e-01 2.100000000000000089e+00 0.000000000000000000e+00 2.130139626593806845e+00 -3.776469034608379016e-02 2.100000000000000089e+00 0.000000000000000000e+00 2.122492258652094677e+00 -2.818260473588342016e-02 2.100000000000000089e+00 0.000000000000000000e+00 2.113495355191256753e+00 -1.690956284153005348e-02 2.100000000000000089e+00 0.000000000000000000e+00 2.120692877959927447e+00 -2.592799635701275099e-02 2.100000000000000089e+00 0.000000000000000000e+00 2.118893497267759773e+00 -2.367338797814207488e-02
-6.481999089253186186e-02 1.962655646630236950e+00 0.000000000000000000e+00 2.100000000000000089e+00 -3.156451730418943780e-02 2.033119271402550332e+00 0.000000000000000000e+00 2.100000000000000089e+00 -2.874625683060109266e-02 2.039090765027322671e+00 0.000000000000000000e+00 2.100000000000000089e+00 -5.072868852459015698e-02 1.992513114754098424e+00 0.000000000000000000e+00 2.100000000000000089e+00 -6.143807832422586157e-02 1.969821438979963535e+00 0.000000000000000000e+00 2.100000000000000089e+00 0.000000000000000000e+00 2.100000000000000089e+00 1.050000000000000044e+00 -3.539324342440801985e+01 0.000000000000000000e+00 2.100000000000000089e+00 0.000000000000000000e+00 2.100000000000000089e+00 2.468796174863387705e-01 2.623102841530054796e+00 0.000000000000000000e+00 2.100000000000000089e+00 -3.776469034608379016e-02 2.019981985428051185e+00 0.000000000000000000e+00 2.100000000000000089e+00 -2.818260473588342016e-02 2.040285063752277139e+00 0.000000000000000000e+00 2.100000000000000089e+00 -1.690956284153005348e-02 2.064171038251366053e+00 0.000000000000000000e+00 2.100000000000000089e+00 -2.592799635701275099e-02 2.045062258652095011e+00 0.000000000000000000e+00 2.100000000000000089e+00 -2.367338797814207488e-02 2.049839453551912882e+00
2.100000000000000089e+00 0.000000000000000000e+00 2.138686684881602851e+00 -4.847408014571948781e-02 2.100000000000000089e+00 0.000000000000000000e+00 2.110796284153005686e+00 -1.352765027322404279e-02 2.100000000000000089e+00 0.000000000000000000e+00 2.120243032786885529e+00 -2.536434426229507849e-02 2.100000000000000089e+00 0.000000000000000000e+00 2.128790091074681534e+00 -3.607373406193078308e-02 2.100000000000000089e+00 0.000000000000000000e+00 2.147683588342440775e+00 -5.974712204007285449e-02 2.100000000000000089e+00 0.000000000000000000e+00 2.100000000000000089e+00 0.000000000000000000e+00 -2.720586901639344291e+01 1.050000000000000044e+00 2.100000000000000089e+00 0.000000000000000000e+00 2.100000000000000089e+00 0.000000000000000000e+00 2.150382659380692285e+00 -6.312903460837887559e-02 2.100000000000000089e+00 0.000000000000000000e+00 2.131039316939890682e+00 -3.889199453551912128e-02 2.100000000000000089e+00 0.000000000000000000e+00 2.121142723132968921e+00 -2.649164845173041655e-02 2.100000000000000089e+00 0.000000000000000000e+00 2.119793187613843610e+00 -2.480069216757740946e-02 2.100000000000000089e+00 0.000000000000000000e+00 2.120692877959927447e+00 -2.592799635701275099e-02 2.100000000000000089e+00 0.000000000000000000e+00
0.000000000000000000e+00 2.100000000000000089e+00 -4.847408014571948781e-02 1.997290309653916296e+00 0.000000000000000000e+00 2.100000000000000089e+00 -1.352765027322404279e-02 2.071336830601092860e+00 0.000000000000000000e+00 2.100000000000000089e+00 -2.536434426229507849e-02 2.046256557377049479e+00 0.000000000000000000e+00 2.100000000000000089e+00 -3.607373406193078308e-02 2.023564881602914589e+00 0.000000000000000000e+00 2.100000000000000089e+00 -5.974712204007285449e-02 1.973404335154826938e+00 0.000000000000000000e+00 2.100000000000000089e+00 0.000000000000000000e+00 2.100000000000000089e+00 1.050000000000000044e+00 -3.479520881602914528e+01 0.000000000000000000e+00 2.100000000000000089e+00 0.000000000000000000e+00 2.100000000000000089e+00 -6.312903460837887559e-02 1.966238542805100353e+00 0.000000000000000000e+00 2.100000000000000089e+00 -3.889199453551912128e-02 2.017593387978142250e+00 0.000000000000000000e+00 2.100000000000000089e+00 -2.649164845173041655e-02 2.043867959927140543e+00 0.000000000000000000e+00 2.100000000000000089e+00 -2.480069216757740946e-02 2.047450856102003947e+00 0.000000000000000000e+00 2.100000000000000089e+00 -2.592799635701275099e-02 2.045062258652095011e+00 0.000000000000000000e+00 2.100000000000000089e+00
2.145884207650273101e+00 -5.749251366120218532e-02 2.100000000000000089e+00 0.000000000000000000e+00 2.125641174863388105e+00 -3.212816939890709989e-02 2.100000000000000089e+00 0.000000000000000000e+00 2.116644271402550181e+00 -2.085512750455373321e-02 2.100000000000000089e+00 0.000000000000000000e+00 2.121142723132968921e+00 -2.649164845173041655e-02 2.100000000000000089e+00 0.000000000000000000e+00 2.127890400728597697e+00 -3.494642987249544502e-02 2.100000000000000089e+00 0.000000000000000000e+00 2.156230646630236780e+00 -7.045651183970855214e-02 2.100000000000000089e+00 0.000000000000000000e+00 2.100000000000000089e+00 0.000000000000000000e+00 -2.726720786885245928e+01 1.050000000000000044e+00 2.100000000000000089e+00 0.000000000000000000e+00 2.100000000000000089e+00 0.000000000000000000e+00 1.902517969034608569e+00 2.474432695810564464e-01 2.100000000000000089e+00 0.000000000000000000e+00 2.141835601092896280e+00 -5.241964480874316407e-02 2.100000000000000089e+00 0.000000000000000000e+00 2.117543961748634018e+00 -2.198243169398906779e-02 2.100000000000000089e+00 0.000000000000000000e+00 2.117094116575592100e+00 -2.141877959927139877e-02 2.100000000000000089e+00 0.000000000000000000e+00 2.128340245901639616e+00 -3.551008196721311405e-02
-5.749251366120218532e-02 1.978181530054644810e+00 0.000000000000000000e+00 2.100000000000000089e+00 -3.212816939890709989e-02 2.031924972677595864e+00 0.000000000000000000e+00 2.100000000000000089e+00 -2.085512750455373321e-02 2.055810947176684778e+00 0.000000000000000000e+00 2.100000000000000089e+00 -2.649164845173041655e-02 2.043867959927140543e+00 0.000000000000000000e+00 2.100000000000000089e+00 -3.494642987249544502e-02 2.025953479052823525e+00 0.000000000000000000e+00 2.100000000000000089e+00 -7.045651183970855214e-02 1.950712659380692271e+00 0.000000000000000000e+00 2.100000000000000089e+00 0.000000000000000000e+00 2.100000000000000089e+00 1.050000000000000044e+00 -3.538480058287796481e+01 0.000000000000000000e+00 2.100000000000000089e+00 0.000000000000000000e+00 2.100000000000000089e+00 2.474432695810564464e-01 2.624297140255009264e+00 0.000000000000000000e+00 2.100000000000000089e+00 -5.241964480874316407e-02 1.988930218579235021e+00 0.000000000000000000e+00 2.100000000000000089e+00 -2.198243169398906779e-02 2.053422349726775842e+00 0.000000000000000000e+00 2.100000000000000089e+00 -2.141877959927139877e-02 2.054616648451730310e+00 0.000000000000000000e+00 2.100000000000000089e+00 -3.551008196721311405e-02 2.024759180327869057e+00
2.100000000000000089e+00 0.000000000000000000e+00 2.134638078324226029e+00 -4.340121129326047350e-02 2.100000000000000089e+00 0.000000000000000000e+00 2.119793187613843610e+00 -2.480069216757740946e-02 2.100000000000000089e+00 0.000000000000000000e+00 2.117543961748634018e+00 -2.198243169398906779e-02 2.100000000000000089e+00 0.000000000000000000e+00 2.119793187613843610e+00 -2.480069216757740946e-02 2.100000000000000089e+00 0.000000000000000000e+00 1.884074316939890803e+00 2.705530054644808557e-01 2.100000000000000089e+00 0.000000000000000000e+00 1.902967814207650488e+00 2.468796174863387705e-01 2.100000000000000089e+00 0.000000000000000000e+00 2.100000000000000089e+00 0.000000000000000000e+00 -2.737026885245901653e+01 1.050000000000000044e+00 2.100000000000000089e+00 0.000000000000000000e+00 2.100000000000000089e+00 0.000000000000000000e+00 2.148583278688524612e+00 -6.087442622950819254e-02 2.100000000000000089e+00 0.000000000000000000e+00 2.122042413479052758e+00 -2.761895264116575113e-02 2.100000000000000089e+00 0.000000000000000000e+00 2.116644271402550181e+00 -2.085512750455373321e-02 2.100000000000000089e+00 0.000000000000000000e+00 2.117993806921675937e+00 -2.254608378870674029e-02 2.100000000000000089e+00 0.000000000000000000e+00
0.000000000000000000e+00 2.100000000000000089e+00 -4.340121129326047350e-02 2.008038998178506507e+00 0.000000000000000000e+00 2.100000000000000089e+00 -2.480069216757740946e-02 2.047450856102003947e+00 0.000000000000000000e+00 2.100000000000000089e+00 -2.198243169398906779e-02 2.053422349726775842e+00 0.000000000000000000e+00 2.100000000000000089e+00 -2.480069216757740946e-02 2.047450856102003947e+00 0.000000000000000000e+00 2.100000000000000089e+00 2.705530054644808557e-01 2.673263387978142003e+00 0.000000000000000000e+00 2.100000000000000089e+00 2.468796174863387705e-01 2.623102841530054796e+00 0.000000000000000000e+00 2.100000000000000089e+00 0.000000000000000000e+00 2.100000000000000089e+00 1.050000000000000044e+00 -3.637542732240437715e+01 0.000000000000000000e+00 2.100000000000000089e+00 0.000000000000000000e+00 2.100000000000000089e+00 -6.087442622950819254e-02 1.971015737704918225e+00 0.000000000000000000e+00 2.100000000000000089e+00 -2.761895264116575113e-02 2.041479362477231607e+00 0.000000000000000000e+00 2.100000000000000089e+00 -2.085512750455373321e-02 2.055810947176684778e+00 0.000000000000000000e+00 2.100000000000000089e+00 -2.254608378870674029e-02 2.052228051001821374e+00 0.000000000000000000e+00 2.100000000000000089e+00
1.890821994535519135e+00 2.620982240437158550e-01 2.100000000000000089e+00 0.000000000000000000e+00 2.119343342440801692e+00 -2.423704007285974391e-02 2.100000000000000089e+00 0.000000000000000000e+00 2.117094116575592100e+00 -2.141877959927139877e-02 2.100000000000000089e+00 0.000000000000000000e+00 2.115744581056466345e+00 -1.972782331511839862e-02 2.100000000000000089e+00 0.000000000000000000e+00 2.117094116575592100e+00 -2.141877959927139877e-02 2.100000000000000089e+00 0.000000000000000000e+00 2.129689781420764927e+00 -3.720103825136611420e-02 2.100000000000000089e+00 0.000000000000000000e+00 2.150382659380692285e+00 -6.312903460837887559e-02 2.100000000000000089e+00 0.000000000000000000e+00 2.100000000000000089e+00 0.000000000000000000e+00 -2.735460475409836079e+01 1.050000000000000044e+00 2.100000000000000089e+00 0.000000000000000000e+00 2.100000000000000089e+00 0.000000000000000000e+00 2.155330956284152943e+00 -6.932920765027321408e-02 2.100000000000000089e+00 0.000000000000000000e+00 1.879575865209471841e+00 2.761895264116575599e-01 2.100000000000000089e+00 0.000000000000000000e+00 2.122042413479052758e+00 -2.761895264116575113e-02 2.100000000000000089e+00 0.000000000000000000e+00 2.135087923497267948e+00 -4.396486338797813559e-02
