-2.720180546448087355e+01 1.050000000000000044e+00 2.100000000000000089e+00 0.000000000000000000e+00 2.100000000000000089e+00 0.000000000000000000e+00 2.068262295081967128e+00 1.751921311475409526e-01 2.100000000000000089e+00 0.000000000000000000e+00 2.078070127504553888e+00 1.210528961748633531e-01 2.100000000000000089e+00 0.000000000000000000e+00 2.084020947176684846e+00 8.820437158469943140e-02 2.100000000000000089e+00 0.000000000000000000e+00 2.148157559198542899e+00 -2.658297267759562321e-01 2.100000000000000089e+00 0.000000000000000000e+00 2.087326958105646835e+00 6.995519125683058448e-02 2.100000000000000089e+00 0.000000000000000000e+00 2.088759562841530304e+00 6.204721311475408507e-02 2.100000000000000089e+00 0.000000000000000000e+00 2.151243169398907362e+00 -2.828622950819671411e-01 2.100000000000000089e+00 0.000000000000000000e+00 2.090522768670309617e+00 5.231431693989069959e-02 2.100000000000000089e+00 0.000000000000000000e+00 2.091183970856102192e+00 4.866448087431693437e-02 2.100000000000000089e+00 0.000000000000000000e+00 2.151794171220400731e+00 -2.859038251366119443e-01 2.100000000000000089e+00 0.000000000000000000e+00 2.089751366120218723e+00 5.657245901639342683e-02 2.100000000000000089e+00 0.000000000000000000e+00
1.050000000000000044e+00 -3.562468065573770559e+01 0.000000000000000000e+00 2.100000000000000089e+00 0.000000000000000000e+00 2.100000000000000089e+00 1.751921311475409804e-01 2.255745573770491674e+00 0.000000000000000000e+00 2.100000000000000089e+00 1.210528961748633808e-01 2.207615865209471728e+00 0.000000000000000000e+00 2.100000000000000089e+00 8.820437158469944527e-02 2.178413570127504695e+00 0.000000000000000000e+00 2.100000000000000089e+00 -2.658297267759562321e-01 1.863677723132969088e+00 0.000000000000000000e+00 2.100000000000000089e+00 6.995519125683059836e-02 2.162190072859745182e+00 0.000000000000000000e+00 2.100000000000000089e+00 6.204721311475409895e-02 2.155159890710382609e+00 0.000000000000000000e+00 2.100000000000000089e+00 -2.828622950819671966e-01 1.848535792349726758e+00 0.000000000000000000e+00 2.100000000000000089e+00 5.231431693989070653e-02 2.146507358834244261e+00 0.000000000000000000e+00 2.100000000000000089e+00 4.866448087431694131e-02 2.143262659380692270e+00 0.000000000000000000e+00 2.100000000000000089e+00 -2.859038251366119998e-01 1.845831876138433580e+00 0.000000000000000000e+00 2.100000000000000089e+00 5.657245901639343377e-02 2.150292841530054844e+00 0.000000000000000000e+00 2.100000000000000089e+00
2.100000000000000089e+00 0.000000000000000000e+00 -2.719027504553734076e+01 1.050000000000000044e+00 2.100000000000000089e+00 0.000000000000000000e+00 2.100000000000000089e+00 0.000000000000000000e+00 2.150692167577413549e+00 -2.798207650273223379e-01 2.100000000000000089e+00 0.000000000000000000e+00 2.092065573770491849e+00 4.379803278688523815e-02 2.100000000000000089e+00 0.000000000000000000e+00 2.152785974499089150e+00 -2.913785792349725678e-01 2.100000000000000089e+00 0.000000000000000000e+00 2.093498178506375318e+00 3.589005464480873181e-02 2.100000000000000089e+00 0.000000000000000000e+00 2.090522768670309617e+00 5.231431693989069959e-02 2.100000000000000089e+00 0.000000000000000000e+00 2.091514571948998480e+00 4.683956284153004829e-02 2.100000000000000089e+00 0.000000000000000000e+00 2.093057377049180268e+00 3.832327868852457992e-02 2.100000000000000089e+00 0.000000000000000000e+00 2.091955373406193086e+00 4.440633879781419324e-02 2.100000000000000089e+00 0.000000000000000000e+00 2.093828779599271606e+00 3.406513661202185267e-02 2.100000000000000089e+00 0.000000000000000000e+00 2.091294171220400955e+00 4.805617486338796540e-02 2.100000000000000089e+00 0.000000000000000000e+00 2.091294171220400955e+00 4.805617486338796540e-02
0.000000000000000000e+00 2.100000000000000089e+00 1.050000000000000044e+00 -3.561583633879781985e+01 0.000000000000000000e+00 2.100000000000000089e+00 0.000000000000000000e+00 2.100000000000000089e+00 -2.798207650273223934e-01 1.851239708561020159e+00 0.000000000000000000e+00 2.100000000000000089e+00 4.379803278688524509e-02 2.138936393442623096e+00 0.000000000000000000e+00 2.100000000000000089e+00 -2.913785792349726234e-01 1.840964826958105816e+00 0.000000000000000000e+00 2.100000000000000089e+00 3.589005464480873875e-02 2.131906211293260522e+00 0.000000000000000000e+00 2.100000000000000089e+00 5.231431693989070653e-02 2.146507358834244261e+00 0.000000000000000000e+00 2.100000000000000089e+00 4.683956284153005523e-02 2.141640309653916496e+00 0.000000000000000000e+00 2.100000000000000089e+00 3.832327868852458685e-02 2.134069344262295331e+00 0.000000000000000000e+00 2.100000000000000089e+00 4.440633879781420018e-02 2.139477176684881687e+00 0.000000000000000000e+00 2.100000000000000089e+00 3.406513661202185961e-02 2.130283861566484749e+00 0.000000000000000000e+00 2.100000000000000089e+00 4.805617486338797928e-02 2.142721876138433679e+00 0.000000000000000000e+00 2.100000000000000089e+00 4.805617486338797928e-02 2.142721876138433679e+00
2.100000000000000089e+00 0.000000000000000000e+00 2.100000000000000089e+00 0.000000000000000000e+00 -2.712183642987249499e+01 1.050000000000000044e+00 2.100000000000000089e+00 0.000000000000000000e+00 2.100000000000000089e+00 0.000000000000000000e+00 2.084351548269581134e+00 8.637945355191255226e-02 2.100000000000000089e+00 0.000000000000000000e+00 2.094159380692167449e+00 3.224021857923496659e-02 2.100000000000000089e+00 0.000000000000000000e+00 2.095371584699453837e+00 2.554885245901638777e-02 2.100000000000000089e+00 0.000000000000000000e+00 2.093828779599271606e+00 3.406513661202185267e-02 2.100000000000000089e+00 0.000000000000000000e+00 2.093718579234972843e+00 3.467344262295081470e-02 2.100000000000000089e+00 0.000000000000000000e+00 2.095261384335155075e+00 2.615715846994534979e-02 2.100000000000000089e+00 0.000000000000000000e+00 2.093938979963570368e+00 3.345683060109288370e-02 2.100000000000000089e+00 0.000000000000000000e+00 2.094159380692167449e+00 3.224021857923496659e-02 2.100000000000000089e+00 0.000000000000000000e+00 2.154328779599271382e+00 -2.998948633879781056e-01 2.100000000000000089e+00 0.000000000000000000e+00 2.153667577413479250e+00 -2.962450273224043196e-01 2.100000000000000089e+00 0.000000000000000000e+00
0.000000000000000000e+00 2.100000000000000089e+00 0.000000000000000000e+00 2.100000000000000089e+00 1.050000000000000044e+00 -3.556334103825136594e+01 0.000000000000000000e+00 2.100000000000000089e+00 0.000000000000000000e+00 2.100000000000000089e+00 8.637945355191256613e-02 2.176791220400728477e+00 0.000000000000000000e+00 2.100000000000000089e+00 3.224021857923497353e-02 2.128661511839708531e+00 0.000000000000000000e+00 2.100000000000000089e+00 2.554885245901639124e-02 2.122712896174863584e+00 0.000000000000000000e+00 2.100000000000000089e+00 3.406513661202185961e-02 2.130283861566484749e+00 0.000000000000000000e+00 2.100000000000000089e+00 3.467344262295082163e-02 2.130824644808743340e+00 0.000000000000000000e+00 2.100000000000000089e+00 2.615715846994535326e-02 2.123253679417122175e+00 0.000000000000000000e+00 2.100000000000000089e+00 3.345683060109289064e-02 2.129743078324226158e+00 0.000000000000000000e+00 2.100000000000000089e+00 3.224021857923497353e-02 2.128661511839708531e+00 0.000000000000000000e+00 2.100000000000000089e+00 -2.998948633879781611e-01 1.833393861566484651e+00 0.000000000000000000e+00 2.100000000000000089e+00 -2.962450273224043751e-01 1.836638561020036420e+00 0.000000000000000000e+00 2.100000000000000089e+00
2.068262295081967128e+00 1.751921311475409804e-01 2.100000000000000089e+00 0.000000000000000000e+00 2.100000000000000089e+00 0.000000000000000000e+00 -2.736434717668488403e+01 1.050000000000000044e+00 2.100000000000000089e+00 0.000000000000000000e+00 2.100000000000000089e+00 0.000000000000000000e+00 2.094379781420764974e+00 3.102360655737704254e-02 2.100000000000000089e+00 0.000000000000000000e+00 2.094379781420764974e+00 3.102360655737704254e-02 2.100000000000000089e+00 0.000000000000000000e+00 2.095371584699453837e+00 2.554885245901638777e-02 2.100000000000000089e+00 0.000000000000000000e+00 2.097355191256830675e+00 1.459934426229507823e-02 2.100000000000000089e+00 0.000000000000000000e+00 2.095151183970856312e+00 2.676546448087430835e-02 2.100000000000000089e+00 0.000000000000000000e+00 2.096253187613843494e+00 2.068240437158469502e-02 2.100000000000000089e+00 0.000000000000000000e+00 2.095481785063752156e+00 2.494054644808742574e-02 2.100000000000000089e+00 0.000000000000000000e+00 2.095591985428050918e+00 2.433224043715846718e-02 2.100000000000000089e+00 0.000000000000000000e+00 2.095922586520947206e+00 2.250732240437158110e-02 2.100000000000000089e+00 0.000000000000000000e+00 2.152785974499089150e+00 -2.913785792349725678e-01
1.751921311475409526e-01 2.255745573770491674e+00 0.000000000000000000e+00 2.100000000000000089e+00 0.000000000000000000e+00 2.100000000000000089e+00 1.050000000000000044e+00 -3.574935699453552473e+01 0.000000000000000000e+00 2.100000000000000089e+00 0.000000000000000000e+00 2.100000000000000089e+00 3.102360655737704948e-02 2.127579945355191349e+00 0.000000000000000000e+00 2.100000000000000089e+00 3.102360655737704948e-02 2.127579945355191349e+00 0.000000000000000000e+00 2.100000000000000089e+00 2.554885245901639124e-02 2.122712896174863584e+00 0.000000000000000000e+00 2.100000000000000089e+00 1.459934426229508170e-02 2.112978797814207610e+00 0.000000000000000000e+00 2.100000000000000089e+00 2.676546448087431529e-02 2.123794462659380766e+00 0.000000000000000000e+00 2.100000000000000089e+00 2.068240437158469849e-02 2.118386630236794410e+00 0.000000000000000000e+00 2.100000000000000089e+00 2.494054644808743268e-02 2.122172112932604993e+00 0.000000000000000000e+00 2.100000000000000089e+00 2.433224043715847065e-02 2.121631329690345957e+00 0.000000000000000000e+00 2.100000000000000089e+00 2.250732240437158457e-02 2.120008979963570184e+00 0.000000000000000000e+00 2.100000000000000089e+00 -2.913785792349726234e-01 1.840964826958105816e+00
2.100000000000000089e+00 0.000000000000000000e+00 2.150692167577413549e+00 -2.798207650273223934e-01 2.100000000000000089e+00 0.000000000000000000e+00 2.100000000000000089e+00 0.000000000000000000e+00 -2.732864007285974495e+01 1.050000000000000044e+00 2.100000000000000089e+00 0.000000000000000000e+00 2.100000000000000089e+00 0.000000000000000000e+00 2.084241347905282371e+00 8.698775956284150734e-02 2.100000000000000089e+00 0.000000000000000000e+00 2.090743169398907142e+00 5.109770491803277553e-02 2.100000000000000089e+00 0.000000000000000000e+00 2.094379781420764974e+00 3.102360655737704254e-02 2.100000000000000089e+00 0.000000000000000000e+00 2.095922586520947206e+00 2.250732240437158110e-02 2.100000000000000089e+00 0.000000000000000000e+00 2.095812386156648444e+00 2.311562841530053966e-02 2.100000000000000089e+00 0.000000000000000000e+00 2.096142987249544731e+00 2.129071038251365705e-02 2.100000000000000089e+00 0.000000000000000000e+00 2.095040983606557550e+00 2.737377049180327038e-02 2.100000000000000089e+00 0.000000000000000000e+00 2.094930783242258787e+00 2.798207650273223587e-02 2.100000000000000089e+00 0.000000000000000000e+00 2.093608378870674080e+00 3.528174863387977672e-02 2.100000000000000089e+00 0.000000000000000000e+00
0.000000000000000000e+00 2.100000000000000089e+00 -2.798207650273223379e-01 1.851239708561020159e+00 0.000000000000000000e+00 2.100000000000000089e+00 0.000000000000000000e+00 2.100000000000000089e+00 1.050000000000000044e+00 -3.572196814207650561e+01 0.000000000000000000e+00 2.100000000000000089e+00 0.000000000000000000e+00 2.100000000000000089e+00 8.698775956284152122e-02 2.177332003642987512e+00 0.000000000000000000e+00 2.100000000000000089e+00 5.109770491803278247e-02 2.145425792349727079e+00 0.000000000000000000e+00 2.100000000000000089e+00 3.102360655737704948e-02 2.127579945355191349e+00 0.000000000000000000e+00 2.100000000000000089e+00 2.250732240437158457e-02 2.120008979963570184e+00 0.000000000000000000e+00 2.100000000000000089e+00 2.311562841530054313e-02 2.120549763205828775e+00 0.000000000000000000e+00 2.100000000000000089e+00 2.129071038251366052e-02 2.118927413479053001e+00 0.000000000000000000e+00 2.100000000000000089e+00 2.737377049180327385e-02 2.124335245901639357e+00 0.000000000000000000e+00 2.100000000000000089e+00 2.798207650273223934e-02 2.124876029143897949e+00 0.000000000000000000e+00 2.100000000000000089e+00 3.528174863387977672e-02 2.131365428051001931e+00 0.000000000000000000e+00 2.100000000000000089e+00
2.078070127504553888e+00 1.210528961748633808e-01 2.100000000000000089e+00 0.000000000000000000e+00 2.084351548269581134e+00 8.637945355191256613e-02 2.100000000000000089e+00 0.000000000000000000e+00 2.100000000000000089e+00 0.000000000000000000e+00 -2.738257267759562907e+01 1.050000000000000044e+00 2.100000000000000089e+00 0.000000000000000000e+00 2.100000000000000089e+00 0.000000000000000000e+00 2.150251366120218499e+00 -2.773875409836065176e-01 2.100000000000000089e+00 0.000000000000000000e+00 2.094049180327869131e+00 3.284852459016392862e-02 2.100000000000000089e+00 0.000000000000000000e+00 2.095040983606557550e+00 2.737377049180327038e-02 2.100000000000000089e+00 0.000000000000000000e+00 2.095702185792349681e+00 2.372393442622950169e-02 2.100000000000000089e+00 0.000000000000000000e+00 2.096142987249544731e+00 2.129071038251365705e-02 2.100000000000000089e+00 0.000000000000000000e+00 2.096142987249544731e+00 2.129071038251365705e-02 2.100000000000000089e+00 0.000000000000000000e+00 2.096914389799635625e+00 1.703256830601092633e-02 2.100000000000000089e+00 0.000000000000000000e+00 2.094820582877960025e+00 2.859038251366119790e-02 2.100000000000000089e+00 0.000000000000000000e+00 2.094049180327869131e+00 3.284852459016392862e-02
1.210528961748633531e-01 2.207615865209471728e+00 0.000000000000000000e+00 2.100000000000000089e+00 8.637945355191255226e-02 2.176791220400728477e+00 0.000000000000000000e+00 2.100000000000000089e+00 0.000000000000000000e+00 2.100000000000000089e+00 1.050000000000000044e+00 -3.576333672131147523e+01 0.000000000000000000e+00 2.100000000000000089e+00 0.000000000000000000e+00 2.100000000000000089e+00 -2.773875409836065731e-01 1.853402841530054745e+00 0.000000000000000000e+00 2.100000000000000089e+00 3.284852459016392862e-02 2.129202295081967122e+00 0.000000000000000000e+00 2.100000000000000089e+00 2.737377049180327385e-02 2.124335245901639357e+00 0.000000000000000000e+00 2.100000000000000089e+00 2.372393442622950516e-02 2.121090546448087366e+00 0.000000000000000000e+00 2.100000000000000089e+00 2.129071038251366052e-02 2.118927413479053001e+00 0.000000000000000000e+00 2.100000000000000089e+00 2.129071038251366052e-02 2.118927413479053001e+00 0.000000000000000000e+00 2.100000000000000089e+00 1.703256830601092980e-02 2.115141930783242419e+00 0.000000000000000000e+00 2.100000000000000089e+00 2.859038251366120137e-02 2.125416812386156540e+00 0.000000000000000000e+00 2.100000000000000089e+00 3.284852459016392862e-02 2.129202295081967122e+00
2.100000000000000089e+00 0.000000000000000000e+00 2.092065573770491849e+00 4.379803278688524509e-02 2.100000000000000089e+00 0.000000000000000000e+00 2.094379781420764974e+00 3.102360655737704948e-02 2.100000000000000089e+00 0.000000000000000000e+00 2.100000000000000089e+00 0.000000000000000000e+00 -2.752577304189435381e+01 1.050000000000000044e+00 2.100000000000000089e+00 0.000000000000000000e+00 2.100000000000000089e+00 0.000000000000000000e+00 2.083469945355191477e+00 9.124590163934424847e-02 2.100000000000000089e+00 0.000000000000000000e+00 2.090081967213115011e+00 5.474754098360654075e-02 2.100000000000000089e+00 0.000000000000000000e+00 2.094820582877960025e+00 2.859038251366119790e-02 2.100000000000000089e+00 0.000000000000000000e+00 2.096142987249544731e+00 2.129071038251365705e-02 2.100000000000000089e+00 0.000000000000000000e+00 2.096583788706739782e+00 1.885748633879781241e-02 2.100000000000000089e+00 0.000000000000000000e+00 2.096693989071038544e+00 1.824918032786884692e-02 2.100000000000000089e+00 0.000000000000000000e+00 2.095040983606557550e+00 2.737377049180327038e-02 2.100000000000000089e+00 0.000000000000000000e+00 2.093828779599271606e+00 3.406513661202185267e-02 2.100000000000000089e+00 0.000000000000000000e+00
0.000000000000000000e+00 2.100000000000000089e+00 4.379803278688523815e-02 2.138936393442623096e+00 0.000000000000000000e+00 2.100000000000000089e+00 3.102360655737704254e-02 2.127579945355191349e+00 0.000000000000000000e+00 2.100000000000000089e+00 0.000000000000000000e+00 2.100000000000000089e+00 1.050000000000000044e+00 -3.587317743169398909e+01 0.000000000000000000e+00 2.100000000000000089e+00 0.000000000000000000e+00 2.100000000000000089e+00 9.124590163934426235e-02 2.181117486338798095e+00 0.000000000000000000e+00 2.100000000000000089e+00 5.474754098360654769e-02 2.148670491803278626e+00 0.000000000000000000e+00 2.100000000000000089e+00 2.859038251366120137e-02 2.125416812386156540e+00 0.000000000000000000e+00 2.100000000000000089e+00 2.129071038251366052e-02 2.118927413479053001e+00 0.000000000000000000e+00 2.100000000000000089e+00 1.885748633879781241e-02 2.116764280510018192e+00 0.000000000000000000e+00 2.100000000000000089e+00 1.824918032786885039e-02 2.116223497267759601e+00 0.000000000000000000e+00 2.100000000000000089e+00 2.737377049180327385e-02 2.124335245901639357e+00 0.000000000000000000e+00 2.100000000000000089e+00 3.406513661202185961e-02 2.130283861566484749e+00 0.000000000000000000e+00 2.100000000000000089e+00
2.084020947176684846e+00 8.820437158469944527e-02 2.100000000000000089e+00 0.000000000000000000e+00 2.094159380692167449e+00 3.224021857923497353e-02 2.100000000000000089e+00 0.000000000000000000e+00 2.084241347905282371e+00 8.698775956284152122e-02 2.100000000000000089e+00 0.000000000000000000e+00 2.100000000000000089e+00 0.000000000000000000e+00 -2.736062768670309708e+01 1.050000000000000044e+00 2.100000000000000089e+00 0.000000000000000000e+00 2.100000000000000089e+00 0.000000000000000000e+00 2.150802367941712312e+00 -2.804290710382513208e-01 2.100000000000000089e+00 0.000000000000000000e+00 2.092947176684881505e+00 3.893158469945354194e-02 2.100000000000000089e+00 0.000000000000000000e+00 2.095151183970856312e+00 2.676546448087430835e-02 2.100000000000000089e+00 0.000000000000000000e+00 2.096804189435336863e+00 1.764087431693988836e-02 2.100000000000000089e+00 0.000000000000000000e+00 2.096473588342441019e+00 1.946579234972677097e-02 2.100000000000000089e+00 0.000000000000000000e+00 2.098346994535519094e+00 9.124590163934423459e-03 2.100000000000000089e+00 0.000000000000000000e+00 2.095702185792349681e+00 2.372393442622950169e-02 2.100000000000000089e+00 0.000000000000000000e+00 2.093387978142076555e+00 3.649836065573769384e-02
8.820437158469943140e-02 2.178413570127504695e+00 0.000000000000000000e+00 2.100000000000000089e+00 3.224021857923496659e-02 2.128661511839708531e+00 0.000000000000000000e+00 2.100000000000000089e+00 8.698775956284150734e-02 2.177332003642987512e+00 0.000000000000000000e+00 2.100000000000000089e+00 0.000000000000000000e+00 2.100000000000000089e+00 1.050000000000000044e+00 -3.574650398907104432e+01 0.000000000000000000e+00 2.100000000000000089e+00 0.000000000000000000e+00 2.100000000000000089e+00 -2.804290710382513763e-01 1.850698925318761567e+00 0.000000000000000000e+00 2.100000000000000089e+00 3.893158469945354888e-02 2.134610127504553923e+00 0.000000000000000000e+00 2.100000000000000089e+00 2.676546448087431529e-02 2.123794462659380766e+00 0.000000000000000000e+00 2.100000000000000089e+00 1.764087431693988836e-02 2.115682714025501010e+00 0.000000000000000000e+00 2.100000000000000089e+00 1.946579234972677444e-02 2.117305063752276784e+00 0.000000000000000000e+00 2.100000000000000089e+00 9.124590163934425194e-03 2.108111748633879845e+00 0.000000000000000000e+00 2.100000000000000089e+00 2.372393442622950516e-02 2.121090546448087366e+00 0.000000000000000000e+00 2.100000000000000089e+00 3.649836065573770078e-02 2.132446994535519114e+00
2.100000000000000089e+00 0.000000000000000000e+00 2.152785974499089150e+00 -2.913785792349726234e-01 2.100000000000000089e+00 0.000000000000000000e+00 2.094379781420764974e+00 3.102360655737704948e-02 2.100000000000000089e+00 0.000000000000000000e+00 2.150251366120218499e+00 -2.773875409836065731e-01 2.100000000000000089e+00 0.000000000000000000e+00 2.100000000000000089e+00 0.000000000000000000e+00 -2.709803169398907130e+01 1.050000000000000044e+00 2.100000000000000089e+00 0.000000000000000000e+00 2.100000000000000089e+00 0.000000000000000000e+00 2.087988160291438966e+00 6.630535519125681232e-02 2.100000000000000089e+00 0.000000000000000000e+00 2.093167577413479030e+00 3.771497267759562483e-02 2.100000000000000089e+00 0.000000000000000000e+00 2.095812386156648444e+00 2.311562841530053966e-02 2.100000000000000089e+00 0.000000000000000000e+00 2.095922586520947206e+00 2.250732240437158110e-02 2.100000000000000089e+00 0.000000000000000000e+00 2.097355191256830675e+00 1.459934426229507823e-02 2.100000000000000089e+00 0.000000000000000000e+00 2.097244990892531913e+00 1.520765027322403852e-02 2.100000000000000089e+00 0.000000000000000000e+00 2.094930783242258787e+00 2.798207650273223587e-02 2.100000000000000089e+00 0.000000000000000000e+00
0.000000000000000000e+00 2.100000000000000089e+00 -2.913785792349725678e-01 1.840964826958105816e+00 0.000000000000000000e+00 2.100000000000000089e+00 3.102360655737704254e-02 2.127579945355191349e+00 0.000000000000000000e+00 2.100000000000000089e+00 -2.773875409836065176e-01 1.853402841530054745e+00 0.000000000000000000e+00 2.100000000000000089e+00 0.000000000000000000e+00 2.100000000000000089e+00 1.050000000000000044e+00 -3.554508180327869127e+01 0.000000000000000000e+00 2.100000000000000089e+00 0.000000000000000000e+00 2.100000000000000089e+00 6.630535519125682620e-02 2.158945373406193191e+00 0.000000000000000000e+00 2.100000000000000089e+00 3.771497267759562483e-02 2.133528561020036740e+00 0.000000000000000000e+00 2.100000000000000089e+00 2.311562841530054313e-02 2.120549763205828775e+00 0.000000000000000000e+00 2.100000000000000089e+00 2.250732240437158457e-02 2.120008979963570184e+00 0.000000000000000000e+00 2.100000000000000089e+00 1.459934426229508170e-02 2.112978797814207610e+00 0.000000000000000000e+00 2.100000000000000089e+00 1.520765027322404199e-02 2.113519581056466201e+00 0.000000000000000000e+00 2.100000000000000089e+00 2.798207650273223934e-02 2.124876029143897949e+00 0.000000000000000000e+00 2.100000000000000089e+00
2.148157559198542899e+00 -2.658297267759562321e-01 2.100000000000000089e+00 0.000000000000000000e+00 2.095371584699453837e+00 2.554885245901639124e-02 2.100000000000000089e+00 0.000000000000000000e+00 2.090743169398907142e+00 5.109770491803278247e-02 2.100000000000000089e+00 0.000000000000000000e+00 2.083469945355191477e+00 9.124590163934426235e-02 2.100000000000000089e+00 0.000000000000000000e+00 2.100000000000000089e+00 0.000000000000000000e+00 -2.716163497267759652e+01 1.050000000000000044e+00 2.100000000000000089e+00 0.000000000000000000e+00 2.100000000000000089e+00 0.000000000000000000e+00 2.088318761384335254e+00 6.448043715846993318e-02 2.100000000000000089e+00 0.000000000000000000e+00 2.152896174863387913e+00 -2.919868852459015507e-01 2.100000000000000089e+00 0.000000000000000000e+00 2.096032786885245969e+00 2.189901639344261908e-02 2.100000000000000089e+00 0.000000000000000000e+00 2.097465391621129438e+00 1.399103825136611794e-02 2.100000000000000089e+00 0.000000000000000000e+00 2.097795992714025726e+00 1.216612021857923359e-02 2.100000000000000089e+00 0.000000000000000000e+00 2.096693989071038544e+00 1.824918032786884692e-02 2.100000000000000089e+00 0.000000000000000000e+00 2.094049180327869131e+00 3.284852459016392862e-02
-2.658297267759562321e-01 1.863677723132969088e+00 0.000000000000000000e+00 2.100000000000000089e+00 2.554885245901638777e-02 2.122712896174863584e+00 0.000000000000000000e+00 2.100000000000000089e+00 5.109770491803277553e-02 2.145425792349727079e+00 0.000000000000000000e+00 2.100000000000000089e+00 9.124590163934424847e-02 2.181117486338798095e+00 0.000000000000000000e+00 2.100000000000000089e+00 0.000000000000000000e+00 2.100000000000000089e+00 1.050000000000000044e+00 -3.559386819672131708e+01 0.000000000000000000e+00 2.100000000000000089e+00 0.000000000000000000e+00 2.100000000000000089e+00 6.448043715846994706e-02 2.157323023679417417e+00 0.000000000000000000e+00 2.100000000000000089e+00 -2.919868852459016062e-01 1.840424043715847002e+00 0.000000000000000000e+00 2.100000000000000089e+00 2.189901639344262255e-02 2.119468196721311593e+00 0.000000000000000000e+00 2.100000000000000089e+00 1.399103825136611967e-02 2.112438014571949019e+00 0.000000000000000000e+00 2.100000000000000089e+00 1.216612021857923533e-02 2.110815664845173245e+00 0.000000000000000000e+00 2.100000000000000089e+00 1.824918032786885039e-02 2.116223497267759601e+00 0.000000000000000000e+00 2.100000000000000089e+00 3.284852459016392862e-02 2.129202295081967122e+00
2.100000000000000089e+00 0.000000000000000000e+00 2.093498178506375318e+00 3.589005464480873875e-02 2.100000000000000089e+00 0.000000000000000000e+00 2.095371584699453837e+00 2.554885245901639124e-02 2.100000000000000089e+00 0.000000000000000000e+00 2.094049180327869131e+00 3.284852459016392862e-02 2.100000000000000089e+00 0.000000000000000000e+00 2.150802367941712312e+00 -2.804290710382513763e-01 2.100000000000000089e+00 0.000000000000000000e+00 2.100000000000000089e+00 0.000000000000000000e+00 -2.731971329690346195e+01 1.050000000000000044e+00 2.100000000000000089e+00 0.000000000000000000e+00 2.100000000000000089e+00 0.000000000000000000e+00 2.086224954462659653e+00 7.603825136612020474e-02 2.100000000000000089e+00 0.000000000000000000e+00 2.092726775956284424e+00 4.014819672131146600e-02 2.100000000000000089e+00 0.000000000000000000e+00 2.094930783242258787e+00 2.798207650273223587e-02 2.100000000000000089e+00 0.000000000000000000e+00 2.096363387978142256e+00 2.007409836065573300e-02 2.100000000000000089e+00 0.000000000000000000e+00 2.095261384335155075e+00 2.615715846994534979e-02 2.100000000000000089e+00 0.000000000000000000e+00 2.094930783242258787e+00 2.798207650273223587e-02 2.100000000000000089e+00 0.000000000000000000e+00
0.000000000000000000e+00 2.100000000000000089e+00 3.589005464480873181e-02 2.131906211293260522e+00 0.000000000000000000e+00 2.100000000000000089e+00 2.554885245901638777e-02 2.122712896174863584e+00 0.000000000000000000e+00 2.100000000000000089e+00 3.284852459016392862e-02 2.129202295081967122e+00 0.000000000000000000e+00 2.100000000000000089e+00 -2.804290710382513208e-01 1.850698925318761567e+00 0.000000000000000000e+00 2.100000000000000089e+00 0.000000000000000000e+00 2.100000000000000089e+00 1.050000000000000044e+00 -3.571512092896175261e+01 0.000000000000000000e+00 2.100000000000000089e+00 0.000000000000000000e+00 2.100000000000000089e+00 7.603825136612021862e-02 2.167597905282331539e+00 0.000000000000000000e+00 2.100000000000000089e+00 4.014819672131147293e-02 2.135691693989071105e+00 0.000000000000000000e+00 2.100000000000000089e+00 2.798207650273223934e-02 2.124876029143897949e+00 0.000000000000000000e+00 2.100000000000000089e+00 2.007409836065573647e-02 2.117845846994535819e+00 0.000000000000000000e+00 2.100000000000000089e+00 2.615715846994535326e-02 2.123253679417122175e+00 0.000000000000000000e+00 2.100000000000000089e+00 2.798207650273223934e-02 2.124876029143897949e+00 0.000000000000000000e+00 2.100000000000000089e+00
2.087326958105646835e+00 6.995519125683059836e-02 2.100000000000000089e+00 0.000000000000000000e+00 2.093828779599271606e+00 3.406513661202185961e-02 2.100000000000000089e+00 0.000000000000000000e+00 2.094379781420764974e+00 3.102360655737704948e-02 2.100000000000000089e+00 0.000000000000000000e+00 2.090081967213115011e+00 5.474754098360654769e-02 2.100000000000000089e+00 0.000000000000000000e+00 2.087988160291438966e+00 6.630535519125682620e-02 2.100000000000000089e+00 0.000000000000000000e+00 2.100000000000000089e+00 0.000000000000000000e+00 -2.738108488160291643e+01 1.050000000000000044e+00 2.100000000000000089e+00 0.000000000000000000e+00 2.100000000000000089e+00 0.000000000000000000e+00 2.148267759562841661e+00 -2.664380327868851595e-01 2.100000000000000089e+00 0.000000000000000000e+00 2.092616575591985661e+00 4.075650273224042802e-02 2.100000000000000089e+00 0.000000000000000000e+00 2.094489981785063737e+00 3.041530054644807704e-02 2.100000000000000089e+00 0.000000000000000000e+00 2.096693989071038544e+00 1.824918032786884692e-02 2.100000000000000089e+00 0.000000000000000000e+00 2.094930783242258787e+00 2.798207650273223587e-02 2.100000000000000089e+00 0.000000000000000000e+00 2.095371584699453837e+00 2.554885245901638777e-02
6.995519125683058448e-02 2.162190072859745182e+00 0.000000000000000000e+00 2.100000000000000089e+00 3.406513661202185267e-02 2.130283861566484749e+00 0.000000000000000000e+00 2.100000000000000089e+00 3.102360655737704254e-02 2.127579945355191349e+00 0.000000000000000000e+00 2.100000000000000089e+00 5.474754098360654075e-02 2.148670491803278626e+00 0.000000000000000000e+00 2.100000000000000089e+00 6.630535519125681232e-02 2.158945373406193191e+00 0.000000000000000000e+00 2.100000000000000089e+00 0.000000000000000000e+00 2.100000000000000089e+00 1.050000000000000044e+00 -3.576219551912568306e+01 0.000000000000000000e+00 2.100000000000000089e+00 0.000000000000000000e+00 2.100000000000000089e+00 -2.664380327868852150e-01 1.863136939890710497e+00 0.000000000000000000e+00 2.100000000000000089e+00 4.075650273224043496e-02 2.136232477231329696e+00 0.000000000000000000e+00 2.100000000000000089e+00 3.041530054644808398e-02 2.127039162112932758e+00 0.000000000000000000e+00 2.100000000000000089e+00 1.824918032786885039e-02 2.116223497267759601e+00 0.000000000000000000e+00 2.100000000000000089e+00 2.798207650273223934e-02 2.124876029143897949e+00 0.000000000000000000e+00 2.100000000000000089e+00 2.554885245901639124e-02 2.122712896174863584e+00
2.100000000000000089e+00 0.000000000000000000e+00 2.090522768670309617e+00 5.231431693989070653e-02 2.100000000000000089e+00 0.000000000000000000e+00 2.097355191256830675e+00 1.459934426229508170e-02 2.100000000000000089e+00 0.000000000000000000e+00 2.095040983606557550e+00 2.737377049180327385e-02 2.100000000000000089e+00 0.000000000000000000e+00 2.092947176684881505e+00 3.893158469945354888e-02 2.100000000000000089e+00 0.000000000000000000e+00 2.088318761384335254e+00 6.448043715846994706e-02 2.100000000000000089e+00 0.000000000000000000e+00 2.100000000000000089e+00 0.000000000000000000e+00 -2.753916320582878186e+01 1.050000000000000044e+00 2.100000000000000089e+00 0.000000000000000000e+00 2.100000000000000089e+00 0.000000000000000000e+00 2.087657559198542678e+00 6.813027322404370534e-02 2.100000000000000089e+00 0.000000000000000000e+00 2.092396174863388136e+00 4.197311475409835207e-02 2.100000000000000089e+00 0.000000000000000000e+00 2.094820582877960025e+00 2.859038251366119790e-02 2.100000000000000089e+00 0.000000000000000000e+00 2.095151183970856312e+00 2.676546448087430835e-02 2.100000000000000089e+00 0.000000000000000000e+00 2.094930783242258787e+00 2.798207650273223587e-02 2.100000000000000089e+00 0.000000000000000000e+00
0.000000000000000000e+00 2.100000000000000089e+00 5.231431693989069959e-02 2.146507358834244261e+00 0.000000000000000000e+00 2.100000000000000089e+00 1.459934426229507823e-02 2.112978797814207610e+00 0.000000000000000000e+00 2.100000000000000089e+00 2.737377049180327038e-02 2.124335245901639357e+00 0.000000000000000000e+00 2.100000000000000089e+00 3.893158469945354194e-02 2.134610127504553923e+00 0.000000000000000000e+00 2.100000000000000089e+00 6.448043715846993318e-02 2.157323023679417417e+00 0.000000000000000000e+00 2.100000000000000089e+00 0.000000000000000000e+00 2.100000000000000089e+00 1.050000000000000044e+00 -3.588344825136612570e+01 0.000000000000000000e+00 2.100000000000000089e+00 0.000000000000000000e+00 2.100000000000000089e+00 6.813027322404371922e-02 2.160567723132968965e+00 0.000000000000000000e+00 2.100000000000000089e+00 4.197311475409835901e-02 2.137314043715846879e+00 0.000000000000000000e+00 2.100000000000000089e+00 2.859038251366120137e-02 2.125416812386156540e+00 0.000000000000000000e+00 2.100000000000000089e+00 2.676546448087431529e-02 2.123794462659380766e+00 0.000000000000000000e+00 2.100000000000000089e+00 2.798207650273223934e-02 2.124876029143897949e+00 0.000000000000000000e+00 2.100000000000000089e+00
2.088759562841530304e+00 6.204721311475409895e-02 2.100000000000000089e+00 0.000000000000000000e+00 2.093718579234972843e+00 3.467344262295082163e-02 2.100000000000000089e+00 0.000000000000000000e+00 2.095922586520947206e+00 2.250732240437158457e-02 2.100000000000000089e+00 0.000000000000000000e+00 2.094820582877960025e+00 2.859038251366120137e-02 2.100000000000000089e+00 0.000000000000000000e+00 2.093167577413479030e+00 3.771497267759562483e-02 2.100000000000000089e+00 0.000000000000000000e+00 2.086224954462659653e+00 7.603825136612021862e-02 2.100000000000000089e+00 0.000000000000000000e+00 2.100000000000000089e+00 0.000000000000000000e+00 -2.738331657559198717e+01 1.050000000000000044e+00 2.100000000000000089e+00 0.000000000000000000e+00 2.100000000000000089e+00 0.000000000000000000e+00 2.148377959927140424e+00 -2.670463387978141423e-01 2.100000000000000089e+00 0.000000000000000000e+00 2.089751366120218723e+00 5.657245901639342683e-02 2.100000000000000089e+00 0.000000000000000000e+00 2.095702185792349681e+00 2.372393442622950169e-02 2.100000000000000089e+00 0.000000000000000000e+00 2.095812386156648444e+00 2.311562841530053966e-02 2.100000000000000089e+00 0.000000000000000000e+00 2.093057377049180268e+00 3.832327868852457992e-02
6.204721311475408507e-02 2.155159890710382609e+00 0.000000000000000000e+00 2.100000000000000089e+00 3.467344262295081470e-02 2.130824644808743340e+00 0.000000000000000000e+00 2.100000000000000089e+00 2.250732240437158110e-02 2.120008979963570184e+00 0.000000000000000000e+00 2.100000000000000089e+00 2.859038251366119790e-02 2.125416812386156540e+00 0.000000000000000000e+00 2.100000000000000089e+00 3.771497267759562483e-02 2.133528561020036740e+00 0.000000000000000000e+00 2.100000000000000089e+00 7.603825136612020474e-02 2.167597905282331539e+00 0.000000000000000000e+00 2.100000000000000089e+00 0.000000000000000000e+00 2.100000000000000089e+00 1.050000000000000044e+00 -3.576390732240437131e+01 0.000000000000000000e+00 2.100000000000000089e+00 0.000000000000000000e+00 2.100000000000000089e+00 -2.670463387978141978e-01 1.862596156648451906e+00 0.000000000000000000e+00 2.100000000000000089e+00 5.657245901639343377e-02 2.150292841530054844e+00 0.000000000000000000e+00 2.100000000000000089e+00 2.372393442622950516e-02 2.121090546448087366e+00 0.000000000000000000e+00 2.100000000000000089e+00 2.311562841530054313e-02 2.120549763205828775e+00 0.000000000000000000e+00 2.100000000000000089e+00 3.832327868852458685e-02 2.134069344262295331e+00
2.100000000000000089e+00 0.000000000000000000e+00 2.091514571948998480e+00 4.683956284153005523e-02 2.100000000000000089e+00 0.000000000000000000e+00 2.095151183970856312e+00 2.676546448087431529e-02 2.100000000000000089e+00 0.000000000000000000e+00 2.095702185792349681e+00 2.372393442622950516e-02 2.100000000000000089e+00 0.000000000000000000e+00 2.095151183970856312e+00 2.676546448087431529e-02 2.100000000000000089e+00 0.000000000000000000e+00 2.152896174863387913e+00 -2.919868852459016062e-01 2.100000000000000089e+00 0.000000000000000000e+00 2.148267759562841661e+00 -2.664380327868852150e-01 2.100000000000000089e+00 0.000000000000000000e+00 2.100000000000000089e+00 0.000000000000000000e+00 -2.712146448087431594e+01 1.050000000000000044e+00 2.100000000000000089e+00 0.000000000000000000e+00 2.100000000000000089e+00 0.000000000000000000e+00 2.088098360655737729e+00 6.569704918032785723e-02 2.100000000000000089e+00 0.000000000000000000e+00 2.094600182149362499e+00 2.980699453551911848e-02 2.100000000000000089e+00 0.000000000000000000e+00 2.095922586520947206e+00 2.250732240437158110e-02 2.100000000000000089e+00 0.000000000000000000e+00 2.095591985428050918e+00 2.433224043715846718e-02 2.100000000000000089e+00 0.000000000000000000e+00
0.000000000000000000e+00 2.100000000000000089e+00 4.683956284153004829e-02 2.141640309653916496e+00 0.000000000000000000e+00 2.100000000000000089e+00 2.676546448087430835e-02 2.123794462659380766e+00 0.000000000000000000e+00 2.100000000000000089e+00 2.372393442622950169e-02 2.121090546448087366e+00 0.000000000000000000e+00 2.100000000000000089e+00 2.676546448087430835e-02 2.123794462659380766e+00 0.000000000000000000e+00 2.100000000000000089e+00 -2.919868852459015507e-01 1.840424043715847002e+00 0.000000000000000000e+00 2.100000000000000089e+00 -2.664380327868851595e-01 1.863136939890710497e+00 0.000000000000000000e+00 2.100000000000000089e+00 0.000000000000000000e+00 2.100000000000000089e+00 1.050000000000000044e+00 -3.556305573770492146e+01 0.000000000000000000e+00 2.100000000000000089e+00 0.000000000000000000e+00 2.100000000000000089e+00 6.569704918032785723e-02 2.158404590163934600e+00 0.000000000000000000e+00 2.100000000000000089e+00 2.980699453551912195e-02 2.126498378870674166e+00 0.000000000000000000e+00 2.100000000000000089e+00 2.250732240437158457e-02 2.120008979963570184e+00 0.000000000000000000e+00 2.100000000000000089e+00 2.433224043715847065e-02 2.121631329690345957e+00 0.000000000000000000e+00 2.100000000000000089e+00
2.151243169398907362e+00 -2.828622950819671966e-01 2.100000000000000089e+00 0.000000000000000000e+00 2.095261384335155075e+00 2.615715846994535326e-02 2.100000000000000089e+00 0.000000000000000000e+00 2.095812386156648444e+00 2.311562841530054313e-02 2.100000000000000089e+00 0.000000000000000000e+00 2.096142987249544731e+00 2.129071038251366052e-02 2.100000000000000089e+00 0.000000000000000000e+00 2.095812386156648444e+00 2.311562841530054313e-02 2.100000000000000089e+00 0.000000000000000000e+00 2.092726775956284424e+00 4.014819672131147293e-02 2.100000000000000089e+00 0.000000000000000000e+00 2.087657559198542678e+00 6.813027322404371922e-02 2.100000000000000089e+00 0.000000000000000000e+00 2.100000000000000089e+00 0.000000000000000000e+00 -2.716126302367941747e+01 1.050000000000000044e+00 2.100000000000000089e+00 0.000000000000000000e+00 2.100000000000000089e+00 0.000000000000000000e+00 2.086445355191256734e+00 7.482163934426228069e-02 2.100000000000000089e+00 0.000000000000000000e+00 2.153998178506375538e+00 -2.980699453551912126e-01 2.100000000000000089e+00 0.000000000000000000e+00 2.094600182149362499e+00 2.980699453551911848e-02 2.100000000000000089e+00 0.000000000000000000e+00 2.091404371584699717e+00 4.744786885245900337e-02
