-2.730622732240437145e+01 1.050000000000000044e+00 2.100000000000000089e+00 0.000000000000000000e+00 2.100000000000000089e+00 0.000000000000000000e+00 2.235095081967213293e+00 -6.258360655737704725e-02 2.100000000000000089e+00 0.000000000000000000e+00 2.193346948998178725e+00 -4.324353369763205696e-02 2.100000000000000089e+00 0.000000000000000000e+00 2.168016621129326360e+00 -3.150910746812386060e-02 2.100000000000000089e+00 0.000000000000000000e+00 1.895011976320583047e+00 9.496193078324226267e-02 2.100000000000000089e+00 0.000000000000000000e+00 2.153944216757741614e+00 -2.498998178506375151e-02 2.100000000000000089e+00 0.000000000000000000e+00 2.147846174863388136e+00 -2.216502732240437437e-02 2.100000000000000089e+00 0.000000000000000000e+00 1.881877732240437195e+00 1.010464480874316978e-01 2.100000000000000089e+00 0.000000000000000000e+00 2.140340892531876094e+00 -1.868816029143897939e-02 2.100000000000000089e+00 0.000000000000000000e+00 2.137526411657559411e+00 -1.738433515482696104e-02 2.100000000000000089e+00 0.000000000000000000e+00 1.879532331511839738e+00 1.021329690346083896e-01 2.100000000000000089e+00 0.000000000000000000e+00 2.143624453551912445e+00 -2.020928961748633818e-02 2.100000000000000089e+00 0.000000000000000000e+00
1.050000000000000044e+00 -3.582974469945355622e+01 0.000000000000000000e+00 2.100000000000000089e+00 0.000000000000000000e+00 2.100000000000000089e+00 -6.258360655737704725e-02 1.969744262295082038e+00 0.000000000000000000e+00 2.100000000000000089e+00 -4.324353369763205696e-02 2.009996903460837814e+00 0.000000000000000000e+00 2.100000000000000089e+00 -3.150910746812386060e-02 2.034419854280510087e+00 0.000000000000000000e+00 2.100000000000000089e+00 9.496193078324226267e-02 2.297644990892532046e+00 0.000000000000000000e+00 2.100000000000000089e+00 -2.498998178506375151e-02 2.047988160291438930e+00 0.000000000000000000e+00 2.100000000000000089e+00 -2.216502732240437437e-02 2.053867759562841400e+00 0.000000000000000000e+00 2.100000000000000089e+00 1.010464480874316978e-01 2.310308743169398937e+00 0.000000000000000000e+00 2.100000000000000089e+00 -1.868816029143897939e-02 2.061104189435337020e+00 0.000000000000000000e+00 2.100000000000000089e+00 -1.738433515482696104e-02 2.063817850637522877e+00 0.000000000000000000e+00 2.100000000000000089e+00 1.021329690346083896e-01 2.312570127504554041e+00 0.000000000000000000e+00 2.100000000000000089e+00 -2.020928961748633818e-02 2.057938251366120408e+00 0.000000000000000000e+00 2.100000000000000089e+00
2.100000000000000089e+00 0.000000000000000000e+00 -2.730695856102003560e+01 1.050000000000000044e+00 2.100000000000000089e+00 0.000000000000000000e+00 2.100000000000000089e+00 0.000000000000000000e+00 1.884223132969034653e+00 9.995992714025500603e-02 2.100000000000000089e+00 0.000000000000000000e+00 2.133773770491803390e+00 -1.564590163934426181e-02 2.100000000000000089e+00 0.000000000000000000e+00 1.875310610200364492e+00 1.040887067395264015e-01 2.100000000000000089e+00 0.000000000000000000e+00 2.127675728597449911e+00 -1.282094717668488121e-02 2.100000000000000089e+00 0.000000000000000000e+00 2.140340892531876094e+00 -1.868816029143897939e-02 2.100000000000000089e+00 0.000000000000000000e+00 2.136119171220400847e+00 -1.673242258652095013e-02 2.100000000000000089e+00 0.000000000000000000e+00 2.129552049180328144e+00 -1.369016393442623082e-02 2.100000000000000089e+00 0.000000000000000000e+00 2.134242850637523059e+00 -1.586320582877959878e-02 2.100000000000000089e+00 0.000000000000000000e+00 2.126268488160291348e+00 -1.216903460837887203e-02 2.100000000000000089e+00 0.000000000000000000e+00 2.137057331511839742e+00 -1.716703096539162060e-02 2.100000000000000089e+00 0.000000000000000000e+00 2.137057331511839742e+00 -1.716703096539162060e-02
0.000000000000000000e+00 2.100000000000000089e+00 1.050000000000000044e+00 -3.584497987249545048e+01 0.000000000000000000e+00 2.100000000000000089e+00 0.000000000000000000e+00 2.100000000000000089e+00 9.995992714025500603e-02 2.308047358834244278e+00 0.000000000000000000e+00 2.100000000000000089e+00 -1.564590163934426181e-02 2.067436065573770687e+00 0.000000000000000000e+00 2.100000000000000089e+00 1.040887067395264015e-01 2.316640619307832605e+00 0.000000000000000000e+00 2.100000000000000089e+00 -1.282094717668488121e-02 2.073315664845173156e+00 0.000000000000000000e+00 2.100000000000000089e+00 -1.868816029143897939e-02 2.061104189435337020e+00 0.000000000000000000e+00 2.100000000000000089e+00 -1.673242258652095013e-02 2.065174681238615584e+00 0.000000000000000000e+00 2.100000000000000089e+00 -1.369016393442623082e-02 2.071506557377049251e+00 0.000000000000000000e+00 2.100000000000000089e+00 -1.586320582877959878e-02 2.066983788706739489e+00 0.000000000000000000e+00 2.100000000000000089e+00 -1.216903460837887203e-02 2.074672495446265863e+00 0.000000000000000000e+00 2.100000000000000089e+00 -1.716703096539162060e-02 2.064270127504553631e+00 0.000000000000000000e+00 2.100000000000000089e+00 -1.716703096539162060e-02 2.064270127504553631e+00
2.100000000000000089e+00 0.000000000000000000e+00 2.100000000000000089e+00 0.000000000000000000e+00 -2.731129881602914367e+01 1.050000000000000044e+00 2.100000000000000089e+00 0.000000000000000000e+00 2.100000000000000089e+00 0.000000000000000000e+00 2.166609380692167797e+00 -3.085719489981784969e-02 2.100000000000000089e+00 0.000000000000000000e+00 2.124861247723133229e+00 -1.151712204007285939e-02 2.100000000000000089e+00 0.000000000000000000e+00 2.119701366120218644e+00 -9.126775956284152724e-03 2.100000000000000089e+00 0.000000000000000000e+00 2.126268488160291348e+00 -1.216903460837887203e-02 2.100000000000000089e+00 0.000000000000000000e+00 2.126737568306011017e+00 -1.238633879781420900e-02 2.100000000000000089e+00 0.000000000000000000e+00 2.120170446265938313e+00 -9.344080145719489694e-03 2.100000000000000089e+00 0.000000000000000000e+00 2.125799408014572123e+00 -1.195173041894353333e-02 2.100000000000000089e+00 0.000000000000000000e+00 2.124861247723133229e+00 -1.151712204007285939e-02 2.100000000000000089e+00 0.000000000000000000e+00 1.868743488160291566e+00 1.071309653916211330e-01 2.100000000000000089e+00 0.000000000000000000e+00 1.871557969034608471e+00 1.058271402550091111e-01 2.100000000000000089e+00 0.000000000000000000e+00
0.000000000000000000e+00 2.100000000000000089e+00 0.000000000000000000e+00 2.100000000000000089e+00 1.050000000000000044e+00 -3.593540799635701433e+01 0.000000000000000000e+00 2.100000000000000089e+00 0.000000000000000000e+00 2.100000000000000089e+00 -3.085719489981784969e-02 2.035776684881602794e+00 0.000000000000000000e+00 2.100000000000000089e+00 -1.151712204007285939e-02 2.076029326047359014e+00 0.000000000000000000e+00 2.100000000000000089e+00 -9.126775956284152724e-03 2.081004371584699530e+00 0.000000000000000000e+00 2.100000000000000089e+00 -1.216903460837887203e-02 2.074672495446265863e+00 0.000000000000000000e+00 2.100000000000000089e+00 -1.238633879781420900e-02 2.074220218579235109e+00 0.000000000000000000e+00 2.100000000000000089e+00 -9.344080145719489694e-03 2.080552094717668776e+00 0.000000000000000000e+00 2.100000000000000089e+00 -1.195173041894353333e-02 2.075124772313297061e+00 0.000000000000000000e+00 2.100000000000000089e+00 -1.151712204007285939e-02 2.076029326047359014e+00 0.000000000000000000e+00 2.100000000000000089e+00 1.071309653916211330e-01 2.322972495446266272e+00 0.000000000000000000e+00 2.100000000000000089e+00 1.058271402550091111e-01 2.320258834244080415e+00 0.000000000000000000e+00 2.100000000000000089e+00
2.235095081967213293e+00 -6.258360655737704725e-02 2.100000000000000089e+00 0.000000000000000000e+00 2.100000000000000089e+00 0.000000000000000000e+00 -2.729591921675774202e+01 1.050000000000000044e+00 2.100000000000000089e+00 0.000000000000000000e+00 2.100000000000000089e+00 0.000000000000000000e+00 2.123923087431693890e+00 -1.108251366120218719e-02 2.100000000000000089e+00 0.000000000000000000e+00 2.123923087431693890e+00 -1.108251366120218719e-02 2.100000000000000089e+00 0.000000000000000000e+00 2.119701366120218644e+00 -9.126775956284152724e-03 2.100000000000000089e+00 0.000000000000000000e+00 2.111257923497267708e+00 -5.215300546448087271e-03 2.100000000000000089e+00 0.000000000000000000e+00 2.120639526411657538e+00 -9.561384335154826664e-03 2.100000000000000089e+00 0.000000000000000000e+00 2.115948724954462623e+00 -7.388342440801457835e-03 2.100000000000000089e+00 0.000000000000000000e+00 2.119232285974498975e+00 -8.909471766848817489e-03 2.100000000000000089e+00 0.000000000000000000e+00 2.118763205828779750e+00 -8.692167577413480520e-03 2.100000000000000089e+00 0.000000000000000000e+00 2.117355965391621186e+00 -8.040255009107467876e-03 2.100000000000000089e+00 0.000000000000000000e+00 1.875310610200364492e+00 1.040887067395264015e-01
-6.258360655737704725e-02 1.969744262295082038e+00 0.000000000000000000e+00 2.100000000000000089e+00 0.000000000000000000e+00 2.100000000000000089e+00 1.050000000000000044e+00 -3.561497790528233764e+01 0.000000000000000000e+00 2.100000000000000089e+00 0.000000000000000000e+00 2.100000000000000089e+00 -1.108251366120218719e-02 2.076933879781420966e+00 0.000000000000000000e+00 2.100000000000000089e+00 -1.108251366120218719e-02 2.076933879781420966e+00 0.000000000000000000e+00 2.100000000000000089e+00 -9.126775956284152724e-03 2.081004371584699530e+00 0.000000000000000000e+00 2.100000000000000089e+00 -5.215300546448087271e-03 2.089145355191257103e+00 0.000000000000000000e+00 2.100000000000000089e+00 -9.561384335154826664e-03 2.080099817850637578e+00 0.000000000000000000e+00 2.100000000000000089e+00 -7.388342440801457835e-03 2.084622586520947340e+00 0.000000000000000000e+00 2.100000000000000089e+00 -8.909471766848817489e-03 2.081456648451730729e+00 0.000000000000000000e+00 2.100000000000000089e+00 -8.692167577413480520e-03 2.081908925318761483e+00 0.000000000000000000e+00 2.100000000000000089e+00 -8.040255009107467876e-03 2.083265755919854190e+00 0.000000000000000000e+00 2.100000000000000089e+00 1.040887067395264015e-01 2.316640619307832605e+00
2.100000000000000089e+00 0.000000000000000000e+00 1.884223132969034653e+00 9.995992714025500603e-02 2.100000000000000089e+00 0.000000000000000000e+00 2.100000000000000089e+00 0.000000000000000000e+00 -2.729818369763205865e+01 1.050000000000000044e+00 2.100000000000000089e+00 0.000000000000000000e+00 2.100000000000000089e+00 0.000000000000000000e+00 2.167078460837887022e+00 -3.107449908925318666e-02 2.100000000000000089e+00 0.000000000000000000e+00 2.139402732240437199e+00 -1.825355191256830545e-02 2.100000000000000089e+00 0.000000000000000000e+00 2.123923087431693890e+00 -1.108251366120218719e-02 2.100000000000000089e+00 0.000000000000000000e+00 2.117355965391621186e+00 -8.040255009107467876e-03 2.100000000000000089e+00 0.000000000000000000e+00 2.117825045537340856e+00 -8.257559198542804846e-03 2.100000000000000089e+00 0.000000000000000000e+00 2.116417805100182292e+00 -7.605646630236794804e-03 2.100000000000000089e+00 0.000000000000000000e+00 2.121108606557377207e+00 -9.778688524590163633e-03 2.100000000000000089e+00 0.000000000000000000e+00 2.121577686703096433e+00 -9.995992714025502338e-03 2.100000000000000089e+00 0.000000000000000000e+00 2.127206648451730686e+00 -1.260364298724954597e-02 2.100000000000000089e+00 0.000000000000000000e+00
0.000000000000000000e+00 2.100000000000000089e+00 9.995992714025500603e-02 2.308047358834244278e+00 0.000000000000000000e+00 2.100000000000000089e+00 0.000000000000000000e+00 2.100000000000000089e+00 1.050000000000000044e+00 -3.566215779599271940e+01 0.000000000000000000e+00 2.100000000000000089e+00 0.000000000000000000e+00 2.100000000000000089e+00 -3.107449908925318666e-02 2.035324408014572040e+00 0.000000000000000000e+00 2.100000000000000089e+00 -1.825355191256830545e-02 2.062008743169398972e+00 0.000000000000000000e+00 2.100000000000000089e+00 -1.108251366120218719e-02 2.076933879781420966e+00 0.000000000000000000e+00 2.100000000000000089e+00 -8.040255009107467876e-03 2.083265755919854190e+00 0.000000000000000000e+00 2.100000000000000089e+00 -8.257559198542804846e-03 2.082813479052823435e+00 0.000000000000000000e+00 2.100000000000000089e+00 -7.605646630236794804e-03 2.084170309653916142e+00 0.000000000000000000e+00 2.100000000000000089e+00 -9.778688524590163633e-03 2.079647540983606824e+00 0.000000000000000000e+00 2.100000000000000089e+00 -9.995992714025502338e-03 2.079195264116575625e+00 0.000000000000000000e+00 2.100000000000000089e+00 -1.260364298724954597e-02 2.073767941712203910e+00 0.000000000000000000e+00 2.100000000000000089e+00
2.193346948998178725e+00 -4.324353369763205696e-02 2.100000000000000089e+00 0.000000000000000000e+00 2.166609380692167797e+00 -3.085719489981784969e-02 2.100000000000000089e+00 0.000000000000000000e+00 2.100000000000000089e+00 0.000000000000000000e+00 -2.729476338797814350e+01 1.050000000000000044e+00 2.100000000000000089e+00 0.000000000000000000e+00 2.100000000000000089e+00 0.000000000000000000e+00 1.886099453551912664e+00 9.909071038251367203e-02 2.100000000000000089e+00 0.000000000000000000e+00 2.125330327868852454e+00 -1.173442622950819636e-02 2.100000000000000089e+00 0.000000000000000000e+00 2.121108606557377207e+00 -9.778688524590163633e-03 2.100000000000000089e+00 0.000000000000000000e+00 2.118294125683060081e+00 -8.474863387978141815e-03 2.100000000000000089e+00 0.000000000000000000e+00 2.116417805100182292e+00 -7.605646630236794804e-03 2.100000000000000089e+00 0.000000000000000000e+00 2.116417805100182292e+00 -7.605646630236794804e-03 2.100000000000000089e+00 0.000000000000000000e+00 2.113134244080145940e+00 -6.084517304189436017e-03 2.100000000000000089e+00 0.000000000000000000e+00 2.122046766848816102e+00 -1.021329690346083931e-02 2.100000000000000089e+00 0.000000000000000000e+00 2.125330327868852454e+00 -1.173442622950819636e-02
-4.324353369763205696e-02 2.009996903460837814e+00 0.000000000000000000e+00 2.100000000000000089e+00 -3.085719489981784969e-02 2.035776684881602794e+00 0.000000000000000000e+00 2.100000000000000089e+00 0.000000000000000000e+00 2.100000000000000089e+00 1.050000000000000044e+00 -3.559089650273224237e+01 0.000000000000000000e+00 2.100000000000000089e+00 0.000000000000000000e+00 2.100000000000000089e+00 9.909071038251367203e-02 2.306238251366120373e+00 0.000000000000000000e+00 2.100000000000000089e+00 -1.173442622950819636e-02 2.075577049180327815e+00 0.000000000000000000e+00 2.100000000000000089e+00 -9.778688524590163633e-03 2.079647540983606824e+00 0.000000000000000000e+00 2.100000000000000089e+00 -8.474863387978141815e-03 2.082361202185792237e+00 0.000000000000000000e+00 2.100000000000000089e+00 -7.605646630236794804e-03 2.084170309653916142e+00 0.000000000000000000e+00 2.100000000000000089e+00 -7.605646630236794804e-03 2.084170309653916142e+00 0.000000000000000000e+00 2.100000000000000089e+00 -6.084517304189436017e-03 2.087336247723133198e+00 0.000000000000000000e+00 2.100000000000000089e+00 -1.021329690346083931e-02 2.078742987249544871e+00 0.000000000000000000e+00 2.100000000000000089e+00 -1.173442622950819636e-02 2.075577049180327815e+00
2.100000000000000089e+00 0.000000000000000000e+00 2.133773770491803390e+00 -1.564590163934426181e-02 2.100000000000000089e+00 0.000000000000000000e+00 2.123923087431693890e+00 -1.108251366120218719e-02 2.100000000000000089e+00 0.000000000000000000e+00 2.100000000000000089e+00 0.000000000000000000e+00 -2.728568187613843321e+01 1.050000000000000044e+00 2.100000000000000089e+00 0.000000000000000000e+00 2.100000000000000089e+00 0.000000000000000000e+00 2.170362021857923374e+00 -3.259562841530055238e-02 2.100000000000000089e+00 0.000000000000000000e+00 2.142217213114754326e+00 -1.955737704918032727e-02 2.100000000000000089e+00 0.000000000000000000e+00 2.122046766848816102e+00 -1.021329690346083931e-02 2.100000000000000089e+00 0.000000000000000000e+00 2.116417805100182292e+00 -7.605646630236794804e-03 2.100000000000000089e+00 0.000000000000000000e+00 2.114541484517304060e+00 -6.736429872495446926e-03 2.100000000000000089e+00 0.000000000000000000e+00 2.114072404371584835e+00 -6.519125683060109089e-03 2.100000000000000089e+00 0.000000000000000000e+00 2.121108606557377207e+00 -9.778688524590163633e-03 2.100000000000000089e+00 0.000000000000000000e+00 2.126268488160291348e+00 -1.216903460837887203e-02 2.100000000000000089e+00 0.000000000000000000e+00
0.000000000000000000e+00 2.100000000000000089e+00 -1.564590163934426181e-02 2.067436065573770687e+00 0.000000000000000000e+00 2.100000000000000089e+00 -1.108251366120218719e-02 2.076933879781420966e+00 0.000000000000000000e+00 2.100000000000000089e+00 0.000000000000000000e+00 2.100000000000000089e+00 1.050000000000000044e+00 -3.540168548269581095e+01 0.000000000000000000e+00 2.100000000000000089e+00 0.000000000000000000e+00 2.100000000000000089e+00 -3.259562841530055238e-02 2.032158469945355428e+00 0.000000000000000000e+00 2.100000000000000089e+00 -1.955737704918032727e-02 2.059295081967213115e+00 0.000000000000000000e+00 2.100000000000000089e+00 -1.021329690346083931e-02 2.078742987249544871e+00 0.000000000000000000e+00 2.100000000000000089e+00 -7.605646630236794804e-03 2.084170309653916142e+00 0.000000000000000000e+00 2.100000000000000089e+00 -6.736429872495446926e-03 2.085979417122040047e+00 0.000000000000000000e+00 2.100000000000000089e+00 -6.519125683060109089e-03 2.086431693989071245e+00 0.000000000000000000e+00 2.100000000000000089e+00 -9.778688524590163633e-03 2.079647540983606824e+00 0.000000000000000000e+00 2.100000000000000089e+00 -1.216903460837887203e-02 2.074672495446265863e+00 0.000000000000000000e+00 2.100000000000000089e+00
2.168016621129326360e+00 -3.150910746812386060e-02 2.100000000000000089e+00 0.000000000000000000e+00 2.124861247723133229e+00 -1.151712204007285939e-02 2.100000000000000089e+00 0.000000000000000000e+00 2.167078460837887022e+00 -3.107449908925318666e-02 2.100000000000000089e+00 0.000000000000000000e+00 2.100000000000000089e+00 0.000000000000000000e+00 -2.729615510018215119e+01 1.050000000000000044e+00 2.100000000000000089e+00 0.000000000000000000e+00 2.100000000000000089e+00 0.000000000000000000e+00 1.883754052823315206e+00 1.001772313296903499e-01 2.100000000000000089e+00 0.000000000000000000e+00 2.130021129326047369e+00 -1.390746812386156606e-02 2.100000000000000089e+00 0.000000000000000000e+00 2.120639526411657538e+00 -9.561384335154826664e-03 2.100000000000000089e+00 0.000000000000000000e+00 2.113603324225865165e+00 -6.301821493624772987e-03 2.100000000000000089e+00 0.000000000000000000e+00 2.115010564663023729e+00 -6.953734061930783028e-03 2.100000000000000089e+00 0.000000000000000000e+00 2.107036202185792462e+00 -3.259562841530054544e-03 2.100000000000000089e+00 0.000000000000000000e+00 2.118294125683060081e+00 -8.474863387978141815e-03 2.100000000000000089e+00 0.000000000000000000e+00 2.128144808743169580e+00 -1.303825136612021818e-02
-3.150910746812386060e-02 2.034419854280510087e+00 0.000000000000000000e+00 2.100000000000000089e+00 -1.151712204007285939e-02 2.076029326047359014e+00 0.000000000000000000e+00 2.100000000000000089e+00 -3.107449908925318666e-02 2.035324408014572040e+00 0.000000000000000000e+00 2.100000000000000089e+00 0.000000000000000000e+00 2.100000000000000089e+00 1.050000000000000044e+00 -3.561989247723133190e+01 0.000000000000000000e+00 2.100000000000000089e+00 0.000000000000000000e+00 2.100000000000000089e+00 1.001772313296903499e-01 2.308499635701275032e+00 0.000000000000000000e+00 2.100000000000000089e+00 -1.390746812386156606e-02 2.071054280510018497e+00 0.000000000000000000e+00 2.100000000000000089e+00 -9.561384335154826664e-03 2.080099817850637578e+00 0.000000000000000000e+00 2.100000000000000089e+00 -6.301821493624772987e-03 2.086883970856102000e+00 0.000000000000000000e+00 2.100000000000000089e+00 -6.953734061930783028e-03 2.085527140255009293e+00 0.000000000000000000e+00 2.100000000000000089e+00 -3.259562841530054544e-03 2.093215846994535667e+00 0.000000000000000000e+00 2.100000000000000089e+00 -8.474863387978141815e-03 2.082361202185792237e+00 0.000000000000000000e+00 2.100000000000000089e+00 -1.303825136612021818e-02 2.072863387978141958e+00
2.100000000000000089e+00 0.000000000000000000e+00 1.875310610200364492e+00 1.040887067395264015e-01 2.100000000000000089e+00 0.000000000000000000e+00 2.123923087431693890e+00 -1.108251366120218719e-02 2.100000000000000089e+00 0.000000000000000000e+00 1.886099453551912664e+00 9.909071038251367203e-02 2.100000000000000089e+00 0.000000000000000000e+00 2.100000000000000089e+00 0.000000000000000000e+00 -2.731280846994535594e+01 1.050000000000000044e+00 2.100000000000000089e+00 0.000000000000000000e+00 2.100000000000000089e+00 0.000000000000000000e+00 2.151129735883424487e+00 -2.368615664845173316e-02 2.100000000000000089e+00 0.000000000000000000e+00 2.129082969034608475e+00 -1.347285974499089385e-02 2.100000000000000089e+00 0.000000000000000000e+00 2.117825045537340856e+00 -8.257559198542804846e-03 2.100000000000000089e+00 0.000000000000000000e+00 2.117355965391621186e+00 -8.040255009107467876e-03 2.100000000000000089e+00 0.000000000000000000e+00 2.111257923497267708e+00 -5.215300546448087271e-03 2.100000000000000089e+00 0.000000000000000000e+00 2.111727003642987377e+00 -5.432604735883424241e-03 2.100000000000000089e+00 0.000000000000000000e+00 2.121577686703096433e+00 -9.995992714025502338e-03 2.100000000000000089e+00 0.000000000000000000e+00
0.000000000000000000e+00 2.100000000000000089e+00 1.040887067395264015e-01 2.316640619307832605e+00 0.000000000000000000e+00 2.100000000000000089e+00 -1.108251366120218719e-02 2.076933879781420966e+00 0.000000000000000000e+00 2.100000000000000089e+00 9.909071038251367203e-02 2.306238251366120373e+00 0.000000000000000000e+00 2.100000000000000089e+00 0.000000000000000000e+00 2.100000000000000089e+00 1.050000000000000044e+00 -3.596686125683060453e+01 0.000000000000000000e+00 2.100000000000000089e+00 0.000000000000000000e+00 2.100000000000000089e+00 -2.368615664845173316e-02 2.050701821493624788e+00 0.000000000000000000e+00 2.100000000000000089e+00 -1.347285974499089385e-02 2.071958834244080450e+00 0.000000000000000000e+00 2.100000000000000089e+00 -8.257559198542804846e-03 2.082813479052823435e+00 0.000000000000000000e+00 2.100000000000000089e+00 -8.040255009107467876e-03 2.083265755919854190e+00 0.000000000000000000e+00 2.100000000000000089e+00 -5.215300546448087271e-03 2.089145355191257103e+00 0.000000000000000000e+00 2.100000000000000089e+00 -5.432604735883424241e-03 2.088693078324225905e+00 0.000000000000000000e+00 2.100000000000000089e+00 -9.995992714025502338e-03 2.079195264116575625e+00 0.000000000000000000e+00 2.100000000000000089e+00
1.895011976320583047e+00 9.496193078324226267e-02 2.100000000000000089e+00 0.000000000000000000e+00 2.119701366120218644e+00 -9.126775956284152724e-03 2.100000000000000089e+00 0.000000000000000000e+00 2.139402732240437199e+00 -1.825355191256830545e-02 2.100000000000000089e+00 0.000000000000000000e+00 2.170362021857923374e+00 -3.259562841530055238e-02 2.100000000000000089e+00 0.000000000000000000e+00 2.100000000000000089e+00 0.000000000000000000e+00 -2.730877486338797766e+01 1.050000000000000044e+00 2.100000000000000089e+00 0.000000000000000000e+00 2.100000000000000089e+00 0.000000000000000000e+00 2.149722495446265924e+00 -2.303424408014571878e-02 2.100000000000000089e+00 0.000000000000000000e+00 1.874841530054644823e+00 1.043060109289617454e-01 2.100000000000000089e+00 0.000000000000000000e+00 2.116886885245901517e+00 -7.822950819672130907e-03 2.100000000000000089e+00 0.000000000000000000e+00 2.110788843351548483e+00 -4.997996357012751169e-03 2.100000000000000089e+00 0.000000000000000000e+00 2.109381602914389919e+00 -4.346083788706740260e-03 2.100000000000000089e+00 0.000000000000000000e+00 2.114072404371584835e+00 -6.519125683060109089e-03 2.100000000000000089e+00 0.000000000000000000e+00 2.125330327868852454e+00 -1.173442622950819636e-02
9.496193078324226267e-02 2.297644990892532046e+00 0.000000000000000000e+00 2.100000000000000089e+00 -9.126775956284152724e-03 2.081004371584699530e+00 0.000000000000000000e+00 2.100000000000000089e+00 -1.825355191256830545e-02 2.062008743169398972e+00 0.000000000000000000e+00 2.100000000000000089e+00 -3.259562841530055238e-02 2.032158469945355428e+00 0.000000000000000000e+00 2.100000000000000089e+00 0.000000000000000000e+00 2.100000000000000089e+00 1.050000000000000044e+00 -3.588282207650273392e+01 0.000000000000000000e+00 2.100000000000000089e+00 0.000000000000000000e+00 2.100000000000000089e+00 -2.303424408014571878e-02 2.052058652094717939e+00 0.000000000000000000e+00 2.100000000000000089e+00 1.043060109289617454e-01 2.317092896174863359e+00 0.000000000000000000e+00 2.100000000000000089e+00 -7.822950819672130907e-03 2.083718032786885388e+00 0.000000000000000000e+00 2.100000000000000089e+00 -4.997996357012751169e-03 2.089597632058287857e+00 0.000000000000000000e+00 2.100000000000000089e+00 -4.346083788706740260e-03 2.090954462659380564e+00 0.000000000000000000e+00 2.100000000000000089e+00 -6.519125683060109089e-03 2.086431693989071245e+00 0.000000000000000000e+00 2.100000000000000089e+00 -1.173442622950819636e-02 2.075577049180327815e+00
2.100000000000000089e+00 0.000000000000000000e+00 2.127675728597449911e+00 -1.282094717668488121e-02 2.100000000000000089e+00 0.000000000000000000e+00 2.119701366120218644e+00 -9.126775956284152724e-03 2.100000000000000089e+00 0.000000000000000000e+00 2.125330327868852454e+00 -1.173442622950819636e-02 2.100000000000000089e+00 0.000000000000000000e+00 1.883754052823315206e+00 1.001772313296903499e-01 2.100000000000000089e+00 0.000000000000000000e+00 2.100000000000000089e+00 0.000000000000000000e+00 -2.729874981785063781e+01 1.050000000000000044e+00 2.100000000000000089e+00 0.000000000000000000e+00 2.100000000000000089e+00 0.000000000000000000e+00 2.158635018214936530e+00 -2.716302367941712120e-02 2.100000000000000089e+00 0.000000000000000000e+00 2.130959289617486263e+00 -1.434207650273224000e-02 2.100000000000000089e+00 0.000000000000000000e+00 2.121577686703096433e+00 -9.995992714025502338e-03 2.100000000000000089e+00 0.000000000000000000e+00 2.115479644808743398e+00 -7.171038251366119998e-03 2.100000000000000089e+00 0.000000000000000000e+00 2.120170446265938313e+00 -9.344080145719489694e-03 2.100000000000000089e+00 0.000000000000000000e+00 2.121577686703096433e+00 -9.995992714025502338e-03 2.100000000000000089e+00 0.000000000000000000e+00
0.000000000000000000e+00 2.100000000000000089e+00 -1.282094717668488121e-02 2.073315664845173156e+00 0.000000000000000000e+00 2.100000000000000089e+00 -9.126775956284152724e-03 2.081004371584699530e+00 0.000000000000000000e+00 2.100000000000000089e+00 -1.173442622950819636e-02 2.075577049180327815e+00 0.000000000000000000e+00 2.100000000000000089e+00 1.001772313296903499e-01 2.308499635701275032e+00 0.000000000000000000e+00 2.100000000000000089e+00 0.000000000000000000e+00 2.100000000000000089e+00 1.050000000000000044e+00 -3.567395276867031129e+01 0.000000000000000000e+00 2.100000000000000089e+00 0.000000000000000000e+00 2.100000000000000089e+00 -2.716302367941712120e-02 2.043465391621129612e+00 0.000000000000000000e+00 2.100000000000000089e+00 -1.434207650273224000e-02 2.070149726775956545e+00 0.000000000000000000e+00 2.100000000000000089e+00 -9.995992714025502338e-03 2.079195264116575625e+00 0.000000000000000000e+00 2.100000000000000089e+00 -7.171038251366119998e-03 2.085074863387978095e+00 0.000000000000000000e+00 2.100000000000000089e+00 -9.344080145719489694e-03 2.080552094717668776e+00 0.000000000000000000e+00 2.100000000000000089e+00 -9.995992714025502338e-03 2.079195264116575625e+00 0.000000000000000000e+00 2.100000000000000089e+00
2.153944216757741614e+00 -2.498998178506375151e-02 2.100000000000000089e+00 0.000000000000000000e+00 2.126268488160291348e+00 -1.216903460837887203e-02 2.100000000000000089e+00 0.000000000000000000e+00 2.123923087431693890e+00 -1.108251366120218719e-02 2.100000000000000089e+00 0.000000000000000000e+00 2.142217213114754326e+00 -1.955737704918032727e-02 2.100000000000000089e+00 0.000000000000000000e+00 2.151129735883424487e+00 -2.368615664845173316e-02 2.100000000000000089e+00 0.000000000000000000e+00 2.100000000000000089e+00 0.000000000000000000e+00 -2.729485774134790432e+01 1.050000000000000044e+00 2.100000000000000089e+00 0.000000000000000000e+00 2.100000000000000089e+00 0.000000000000000000e+00 1.894542896174863378e+00 9.517923497267759270e-02 2.100000000000000089e+00 0.000000000000000000e+00 2.131428369763205932e+00 -1.455938069216757870e-02 2.100000000000000089e+00 0.000000000000000000e+00 2.123454007285974665e+00 -1.086520947176684848e-02 2.100000000000000089e+00 0.000000000000000000e+00 2.114072404371584835e+00 -6.519125683060109089e-03 2.100000000000000089e+00 0.000000000000000000e+00 2.121577686703096433e+00 -9.995992714025502338e-03 2.100000000000000089e+00 0.000000000000000000e+00 2.119701366120218644e+00 -9.126775956284152724e-03
-2.498998178506375151e-02 2.047988160291438930e+00 0.000000000000000000e+00 2.100000000000000089e+00 -1.216903460837887203e-02 2.074672495446265863e+00 0.000000000000000000e+00 2.100000000000000089e+00 -1.108251366120218719e-02 2.076933879781420966e+00 0.000000000000000000e+00 2.100000000000000089e+00 -1.955737704918032727e-02 2.059295081967213115e+00 0.000000000000000000e+00 2.100000000000000089e+00 -2.368615664845173316e-02 2.050701821493624788e+00 0.000000000000000000e+00 2.100000000000000089e+00 0.000000000000000000e+00 2.100000000000000089e+00 1.050000000000000044e+00 -3.559286233151184575e+01 0.000000000000000000e+00 2.100000000000000089e+00 0.000000000000000000e+00 2.100000000000000089e+00 9.517923497267759270e-02 2.298097267759562801e+00 0.000000000000000000e+00 2.100000000000000089e+00 -1.455938069216757870e-02 2.069697449908925346e+00 0.000000000000000000e+00 2.100000000000000089e+00 -1.086520947176684848e-02 2.077386156648451720e+00 0.000000000000000000e+00 2.100000000000000089e+00 -6.519125683060109089e-03 2.086431693989071245e+00 0.000000000000000000e+00 2.100000000000000089e+00 -9.995992714025502338e-03 2.079195264116575625e+00 0.000000000000000000e+00 2.100000000000000089e+00 -9.126775956284152724e-03 2.081004371584699530e+00
2.100000000000000089e+00 0.000000000000000000e+00 2.140340892531876094e+00 -1.868816029143897939e-02 2.100000000000000089e+00 0.000000000000000000e+00 2.111257923497267708e+00 -5.215300546448087271e-03 2.100000000000000089e+00 0.000000000000000000e+00 2.121108606557377207e+00 -9.778688524590163633e-03 2.100000000000000089e+00 0.000000000000000000e+00 2.130021129326047369e+00 -1.390746812386156606e-02 2.100000000000000089e+00 0.000000000000000000e+00 2.149722495446265924e+00 -2.303424408014571878e-02 2.100000000000000089e+00 0.000000000000000000e+00 2.100000000000000089e+00 0.000000000000000000e+00 -2.728483269581056447e+01 1.050000000000000044e+00 2.100000000000000089e+00 0.000000000000000000e+00 2.100000000000000089e+00 0.000000000000000000e+00 2.152536976320583051e+00 -2.433806921675774407e-02 2.100000000000000089e+00 0.000000000000000000e+00 2.132366530054644826e+00 -1.499398907103825264e-02 2.100000000000000089e+00 0.000000000000000000e+00 2.122046766848816102e+00 -1.021329690346083931e-02 2.100000000000000089e+00 0.000000000000000000e+00 2.120639526411657538e+00 -9.561384335154826664e-03 2.100000000000000089e+00 0.000000000000000000e+00 2.121577686703096433e+00 -9.995992714025502338e-03 2.100000000000000089e+00 0.000000000000000000e+00
0.000000000000000000e+00 2.100000000000000089e+00 -1.868816029143897939e-02 2.061104189435337020e+00 0.000000000000000000e+00 2.100000000000000089e+00 -5.215300546448087271e-03 2.089145355191257103e+00 0.000000000000000000e+00 2.100000000000000089e+00 -9.778688524590163633e-03 2.079647540983606824e+00 0.000000000000000000e+00 2.100000000000000089e+00 -1.390746812386156606e-02 2.071054280510018497e+00 0.000000000000000000e+00 2.100000000000000089e+00 -2.303424408014571878e-02 2.052058652094717939e+00 0.000000000000000000e+00 2.100000000000000089e+00 0.000000000000000000e+00 2.100000000000000089e+00 1.050000000000000044e+00 -3.538399302367942312e+01 0.000000000000000000e+00 2.100000000000000089e+00 0.000000000000000000e+00 2.100000000000000089e+00 -2.433806921675774407e-02 2.049344990892532081e+00 0.000000000000000000e+00 2.100000000000000089e+00 -1.499398907103825264e-02 2.068792896174863394e+00 0.000000000000000000e+00 2.100000000000000089e+00 -1.021329690346083931e-02 2.078742987249544871e+00 0.000000000000000000e+00 2.100000000000000089e+00 -9.561384335154826664e-03 2.080099817850637578e+00 0.000000000000000000e+00 2.100000000000000089e+00 -9.995992714025502338e-03 2.079195264116575625e+00 0.000000000000000000e+00 2.100000000000000089e+00
2.147846174863388136e+00 -2.216502732240437437e-02 2.100000000000000089e+00 0.000000000000000000e+00 2.126737568306011017e+00 -1.238633879781420900e-02 2.100000000000000089e+00 0.000000000000000000e+00 2.117355965391621186e+00 -8.040255009107467876e-03 2.100000000000000089e+00 0.000000000000000000e+00 2.122046766848816102e+00 -1.021329690346083931e-02 2.100000000000000089e+00 0.000000000000000000e+00 2.129082969034608475e+00 -1.347285974499089385e-02 2.100000000000000089e+00 0.000000000000000000e+00 2.158635018214936530e+00 -2.716302367941712120e-02 2.100000000000000089e+00 0.000000000000000000e+00 2.100000000000000089e+00 0.000000000000000000e+00 -2.729471621129325953e+01 1.050000000000000044e+00 2.100000000000000089e+00 0.000000000000000000e+00 2.100000000000000089e+00 0.000000000000000000e+00 1.894073816029143931e+00 9.539653916211293661e-02 2.100000000000000089e+00 0.000000000000000000e+00 2.143624453551912445e+00 -2.020928961748633818e-02 2.100000000000000089e+00 0.000000000000000000e+00 2.118294125683060081e+00 -8.474863387978141815e-03 2.100000000000000089e+00 0.000000000000000000e+00 2.117825045537340856e+00 -8.257559198542804846e-03 2.100000000000000089e+00 0.000000000000000000e+00 2.129552049180328144e+00 -1.369016393442623082e-02
-2.216502732240437437e-02 2.053867759562841400e+00 0.000000000000000000e+00 2.100000000000000089e+00 -1.238633879781420900e-02 2.074220218579235109e+00 0.000000000000000000e+00 2.100000000000000089e+00 -8.040255009107467876e-03 2.083265755919854190e+00 0.000000000000000000e+00 2.100000000000000089e+00 -1.021329690346083931e-02 2.078742987249544871e+00 0.000000000000000000e+00 2.100000000000000089e+00 -1.347285974499089385e-02 2.071958834244080450e+00 0.000000000000000000e+00 2.100000000000000089e+00 -2.716302367941712120e-02 2.043465391621129612e+00 0.000000000000000000e+00 2.100000000000000089e+00 0.000000000000000000e+00 2.100000000000000089e+00 1.050000000000000044e+00 -3.558991358834244068e+01 0.000000000000000000e+00 2.100000000000000089e+00 0.000000000000000000e+00 2.100000000000000089e+00 9.539653916211293661e-02 2.298549544626593999e+00 0.000000000000000000e+00 2.100000000000000089e+00 -2.020928961748633818e-02 2.057938251366120408e+00 0.000000000000000000e+00 2.100000000000000089e+00 -8.474863387978141815e-03 2.082361202185792237e+00 0.000000000000000000e+00 2.100000000000000089e+00 -8.257559198542804846e-03 2.082813479052823435e+00 0.000000000000000000e+00 2.100000000000000089e+00 -1.369016393442623082e-02 2.071506557377049251e+00
2.100000000000000089e+00 0.000000000000000000e+00 2.136119171220400847e+00 -1.673242258652095013e-02 2.100000000000000089e+00 0.000000000000000000e+00 2.120639526411657538e+00 -9.561384335154826664e-03 2.100000000000000089e+00 0.000000000000000000e+00 2.118294125683060081e+00 -8.474863387978141815e-03 2.100000000000000089e+00 0.000000000000000000e+00 2.120639526411657538e+00 -9.561384335154826664e-03 2.100000000000000089e+00 0.000000000000000000e+00 1.874841530054644823e+00 1.043060109289617454e-01 2.100000000000000089e+00 0.000000000000000000e+00 1.894542896174863378e+00 9.517923497267759270e-02 2.100000000000000089e+00 0.000000000000000000e+00 2.100000000000000089e+00 0.000000000000000000e+00 -2.731132240437158387e+01 1.050000000000000044e+00 2.100000000000000089e+00 0.000000000000000000e+00 2.100000000000000089e+00 0.000000000000000000e+00 2.150660655737704818e+00 -2.346885245901639272e-02 2.100000000000000089e+00 0.000000000000000000e+00 2.122984927140254996e+00 -1.064790528233151151e-02 2.100000000000000089e+00 0.000000000000000000e+00 2.117355965391621186e+00 -8.040255009107467876e-03 2.100000000000000089e+00 0.000000000000000000e+00 2.118763205828779750e+00 -8.692167577413480520e-03 2.100000000000000089e+00 0.000000000000000000e+00
0.000000000000000000e+00 2.100000000000000089e+00 -1.673242258652095013e-02 2.065174681238615584e+00 0.000000000000000000e+00 2.100000000000000089e+00 -9.561384335154826664e-03 2.080099817850637578e+00 0.000000000000000000e+00 2.100000000000000089e+00 -8.474863387978141815e-03 2.082361202185792237e+00 0.000000000000000000e+00 2.100000000000000089e+00 -9.561384335154826664e-03 2.080099817850637578e+00 0.000000000000000000e+00 2.100000000000000089e+00 1.043060109289617454e-01 2.317092896174863359e+00 0.000000000000000000e+00 2.100000000000000089e+00 9.517923497267759270e-02 2.298097267759562801e+00 0.000000000000000000e+00 2.100000000000000089e+00 0.000000000000000000e+00 2.100000000000000089e+00 1.050000000000000044e+00 -3.593589945355191873e+01 0.000000000000000000e+00 2.100000000000000089e+00 0.000000000000000000e+00 2.100000000000000089e+00 -2.346885245901639272e-02 2.051154098360655986e+00 0.000000000000000000e+00 2.100000000000000089e+00 -1.064790528233151151e-02 2.077838433515482919e+00 0.000000000000000000e+00 2.100000000000000089e+00 -8.040255009107467876e-03 2.083265755919854190e+00 0.000000000000000000e+00 2.100000000000000089e+00 -8.692167577413480520e-03 2.081908925318761483e+00 0.000000000000000000e+00 2.100000000000000089e+00
1.881877732240437195e+00 1.010464480874316978e-01 2.100000000000000089e+00 0.000000000000000000e+00 2.120170446265938313e+00 -9.344080145719489694e-03 2.100000000000000089e+00 0.000000000000000000e+00 2.117825045537340856e+00 -8.257559198542804846e-03 2.100000000000000089e+00 0.000000000000000000e+00 2.116417805100182292e+00 -7.605646630236794804e-03 2.100000000000000089e+00 0.000000000000000000e+00 2.117825045537340856e+00 -8.257559198542804846e-03 2.100000000000000089e+00 0.000000000000000000e+00 2.130959289617486263e+00 -1.434207650273224000e-02 2.100000000000000089e+00 0.000000000000000000e+00 2.152536976320583051e+00 -2.433806921675774407e-02 2.100000000000000089e+00 0.000000000000000000e+00 2.100000000000000089e+00 0.000000000000000000e+00 -2.730879845173042142e+01 1.050000000000000044e+00 2.100000000000000089e+00 0.000000000000000000e+00 2.100000000000000089e+00 0.000000000000000000e+00 2.157696857923497191e+00 -2.672841530054644726e-02 2.100000000000000089e+00 0.000000000000000000e+00 1.870150728597449907e+00 1.064790528233151290e-01 2.100000000000000089e+00 0.000000000000000000e+00 2.122984927140254996e+00 -1.064790528233151151e-02 2.100000000000000089e+00 0.000000000000000000e+00 2.136588251366120517e+00 -1.694972677595628363e-02
